23040, 23280, 240, 77
23280, 23340, 60, 76
23520, 23760, 240, 77
23760, 23820, 60, 76
24000, 24240, 240, 74
24240, 24300, 60, 72
24480, 24720, 240, 74
24720, 24780, 60, 72
24960, 25200, 240, 77
25200, 25260, 60, 76
25440, 25680, 240, 77
25680, 25740, 60, 76
25920, 26160, 240, 74
26160, 26220, 60, 72
26400, 26640, 240, 74
26640, 26700, 60, 72
26880, 27120, 240, 77
27120, 27180, 60, 76
27360, 27600, 240, 77
27600, 27660, 60, 76
27840, 28080, 240, 74
28080, 28140, 60, 72
28320, 28560, 240, 74
28560, 28620, 60, 72
28800, 29040, 240, 77
29040, 29100, 60, 76
29280, 29520, 240, 77
29520, 29580, 60, 76
29760, 30000, 240, 74
30000, 30060, 60, 72
30240, 30480, 240, 74
30480, 30540, 60, 72
30720, 30960, 240, 77
30960, 31020, 60, 76
31200, 31440, 240, 77
31440, 31500, 60, 76
31680, 31920, 240, 74
31920, 31980, 60, 72
32160, 32400, 240, 74
32400, 32460, 60, 72
32640, 32880, 240, 77
32880, 32940, 60, 76
33120, 33360, 240, 77
33360, 33420, 60, 76
33600, 33840, 240, 74
33840, 33900, 60, 72
34080, 34320, 240, 74
34320, 34380, 60, 72
34560, 34800, 240, 77
34800, 34860, 60, 76
35040, 35280, 240, 77
35280, 35340, 60, 76
35520, 35760, 240, 81
35760, 35820, 60, 79
36000, 36240, 240, 81
36240, 36300, 60, 79
36480, 36720, 240, 77
36720, 36780, 60, 76
36960, 37200, 240, 77
37200, 37260, 60, 76
37440, 37680, 240, 74
37680, 37740, 60, 72
37920, 38160, 240, 74
38160, 38220, 60, 72
38400, 38640, 240, 72
38640, 38700, 60, 70
38880, 39120, 240, 72
39120, 39180, 60, 70
39360, 39600, 240, 68
39600, 39660, 60, 67
39840, 40080, 240, 68
40080, 40140, 60, 67
40320, 40560, 240, 72
40560, 40620, 60, 70
40800, 41040, 240, 72
41040, 41100, 60, 70
41280, 41520, 240, 68
41520, 41580, 60, 67
41760, 42000, 240, 68
42000, 42060, 60, 67
42240, 42480, 240, 72
42480, 42540, 60, 70
42720, 42960, 240, 72
42960, 43020, 60, 70
43200, 43440, 240, 68
43440, 43500, 60, 67
43680, 43920, 240, 68
43920, 43980, 60, 67
44160, 44400, 240, 72
44400, 44460, 60, 70
44640, 44880, 240, 72
44880, 44940, 60, 70
45120, 45360, 240, 68
45360, 45420, 60, 67
45600, 45840, 240, 68
45840, 45900, 60, 67
46080, 46320, 240, 75
46320, 46380, 60, 74
46560, 46800, 240, 75
46800, 46860, 60, 74
47040, 47280, 240, 72
47280, 47340, 60, 70
47520, 47760, 240, 72
47760, 47820, 60, 70
48000, 48240, 240, 75
48240, 48300, 60, 74
48480, 48720, 240, 75
48720, 48780, 60, 74
48960, 49200, 240, 72
49200, 49260, 60, 70
49440, 49680, 240, 72
49680, 49740, 60, 70
49920, 50160, 240, 75
50160, 50220, 60, 74
50400, 50460, 60, 75
50640, 50880, 240, 79
50880, 50940, 60, 77
51120, 51180, 60, 79
51360, 51600, 240, 82
51600, 51660, 60, 80
51840, 51900, 60, 82
52080, 52320, 240, 79
52320, 52380, 60, 77
52560, 52620, 60, 79
52800, 53040, 240, 75
53040, 53100, 60, 74
53280, 53520, 240, 75
53520, 53580, 60, 74
99840, 100080, 240, 76
100080, 100140, 60, 74
100320, 100560, 240, 76
100560, 100620, 60, 74
100800, 101040, 240, 72
101040, 101100, 60, 70
101280, 101520, 240, 72
101520, 101580, 60, 70
101760, 102000, 240, 76
102000, 102060, 60, 74
102240, 102480, 240, 76
102480, 102540, 60, 74
102720, 102960, 240, 72
102960, 103020, 60, 70
103200, 103440, 240, 72
103440, 103500, 60, 70
103680, 103920, 240, 76
103920, 103980, 60, 74
104160, 104400, 240, 76
104400, 104460, 60, 74
104640, 104880, 240, 72
104880, 104940, 60, 70
105120, 105360, 240, 72
105360, 105420, 60, 70
105600, 105839, 239, 76
105840, 105899, 59, 74
106080, 106319, 239, 76
106320, 106379, 59, 74
106560, 106799, 239, 72
106800, 106859, 59, 70
107040, 107279, 239, 72
107280, 107339, 59, 70
23040, 23280, 240, 74
23280, 23340, 60, 72
23520, 23760, 240, 74
23760, 23820, 60, 72
24000, 24240, 240, 69
24240, 24300, 60, 69
24480, 24720, 240, 69
24720, 24780, 60, 69
24960, 25200, 240, 74
25200, 25260, 60, 72
25440, 25680, 240, 74
25680, 25740, 60, 72
25920, 26160, 240, 69
26160, 26220, 60, 69
26400, 26640, 240, 69
26640, 26700, 60, 69
26880, 27120, 240, 74
27120, 27180, 60, 72
27360, 27600, 240, 74
27600, 27660, 60, 72
27840, 28080, 240, 69
28080, 28140, 60, 69
28320, 28560, 240, 69
28560, 28620, 60, 69
28800, 29040, 240, 74
29040, 29100, 60, 72
29280, 29520, 240, 74
29520, 29580, 60, 72
29760, 30000, 240, 69
30000, 30060, 60, 69
30240, 30480, 240, 69
30480, 30540, 60, 69
30720, 30960, 240, 74
30960, 31020, 60, 72
31200, 31440, 240, 74
31440, 31500, 60, 72
31680, 31920, 240, 69
31920, 31980, 60, 69
32160, 32400, 240, 69
32400, 32460, 60, 69
32640, 32880, 240, 74
32880, 32940, 60, 72
33120, 33360, 240, 74
33360, 33420, 60, 72
33600, 33840, 240, 69
33840, 33900, 60, 69
34080, 34320, 240, 69
34320, 34380, 60, 69
34560, 34800, 240, 74
34800, 34860, 60, 72
35040, 35280, 240, 74
35280, 35340, 60, 72
35520, 35760, 240, 77
35760, 35820, 60, 76
36000, 36240, 240, 77
36240, 36300, 60, 76
36480, 36720, 240, 74
36720, 36780, 60, 72
36960, 37200, 240, 74
37200, 37260, 60, 72
37440, 37680, 240, 69
37680, 37740, 60, 69
37920, 38160, 240, 69
38160, 38220, 60, 69
38400, 38640, 240, 68
38640, 38700, 60, 67
38880, 39120, 240, 68
39120, 39180, 60, 67
39360, 39600, 240, 65
39600, 39660, 60, 65
39840, 40080, 240, 65
40080, 40140, 60, 65
40320, 40560, 240, 68
40560, 40620, 60, 67
40800, 41040, 240, 68
41040, 41100, 60, 67
41280, 41520, 240, 65
41520, 41580, 60, 65
41760, 42000, 240, 65
42000, 42060, 60, 65
42240, 42480, 240, 68
42480, 42540, 60, 67
42720, 42960, 240, 68
42960, 43020, 60, 67
43200, 43440, 240, 65
43440, 43500, 60, 65
43680, 43920, 240, 65
43920, 43980, 60, 65
44160, 44400, 240, 68
44400, 44460, 60, 67
44640, 44880, 240, 68
44880, 44940, 60, 67
45120, 45360, 240, 65
45360, 45420, 60, 65
45600, 45840, 240, 65
45840, 45900, 60, 65
46080, 46320, 240, 72
46320, 46380, 60, 70
46560, 46800, 240, 72
46800, 46860, 60, 70
47040, 47280, 240, 67
47280, 47340, 60, 67
47520, 47760, 240, 67
47760, 47820, 60, 67
48000, 48240, 240, 72
48240, 48300, 60, 70
48480, 48720, 240, 72
48720, 48780, 60, 70
48960, 49200, 240, 67
49200, 49260, 60, 67
49440, 49680, 240, 67
49680, 49740, 60, 67
49920, 50160, 240, 72
50160, 50220, 60, 70
50400, 50460, 60, 72
50640, 50880, 240, 75
50880, 50940, 60, 74
51120, 51180, 60, 75
51360, 51600, 240, 79
51600, 51660, 60, 77
51840, 51900, 60, 79
52080, 52320, 240, 75
52320, 52380, 60, 74
52560, 52620, 60, 75
52800, 53040, 240, 72
53040, 53100, 60, 70
53280, 53520, 240, 72
53520, 53580, 60, 70
99840, 100080, 240, 72
100080, 100140, 60, 70
100320, 100560, 240, 72
100560, 100620, 60, 70
100800, 101040, 240, 67
101040, 101100, 60, 67
101280, 101520, 240, 67
101520, 101580, 60, 67
101760, 102000, 240, 72
102000, 102060, 60, 70
102240, 102480, 240, 72
102480, 102540, 60, 70
102720, 102960, 240, 67
102960, 103020, 60, 67
103200, 103440, 240, 67
103440, 103500, 60, 67
103680, 103920, 240, 72
103920, 103980, 60, 70
104160, 104400, 240, 72
104400, 104460, 60, 70
104640, 104880, 240, 67
104880, 104940, 60, 67
105120, 105360, 240, 67
105360, 105420, 60, 67
105600, 105839, 239, 72
105840, 105899, 59, 70
106080, 106319, 239, 72
106320, 106379, 59, 70
106560, 106799, 239, 67
106800, 106859, 59, 67
107040, 107279, 239, 67
107280, 107339, 59, 67
57120, 57240, 120, 57
57240, 57360, 120, 59
57360, 57480, 120, 60
57480, 57600, 120, 62
57600, 61440, 3840, 64
64800, 64920, 120, 52
64920, 65040, 120, 54
65040, 65160, 120, 55
65160, 65280, 120, 57
65280, 69120, 3840, 59
72480, 72600, 120, 55
72600, 72720, 120, 57
72720, 72840, 120, 58
72840, 72960, 120, 60
72960, 76800, 3840, 62
80160, 80280, 120, 50
80280, 80400, 120, 52
80400, 80520, 120, 53
80520, 80640, 120, 55
80640, 83520, 2880, 57
84480, 84600, 120, 41
84720, 84840, 120, 41
85200, 85320, 120, 41
85440, 85560, 120, 41
85920, 86040, 120, 41
86160, 86280, 120, 41
86640, 86760, 120, 41
86880, 87000, 120, 41
87360, 87480, 120, 41
87600, 87720, 120, 41
88080, 88200, 120, 41
88320, 88440, 120, 41
88560, 88680, 120, 41
89040, 89160, 120, 41
89280, 89400, 120, 41
89760, 89880, 120, 41
90000, 90120, 120, 41
90480, 90600, 120, 41
90720, 90840, 120, 41
91200, 91320, 120, 41
91440, 91560, 120, 41
91920, 92040, 120, 41
92160, 92280, 120, 41
92400, 92520, 120, 41
92880, 93000, 120, 41
93120, 93240, 120, 41
93600, 93720, 120, 41
93840, 93960, 120, 41
94320, 94440, 120, 41
94560, 94680, 120, 41
95040, 95160, 120, 41
95280, 95400, 120, 41
95760, 95880, 120, 41
96000, 96120, 120, 41
96240, 96360, 120, 41
96720, 96840, 120, 41
96960, 97080, 120, 41
97440, 97560, 120, 41
97680, 97800, 120, 41
98160, 98280, 120, 41
98400, 98520, 120, 41
98880, 99000, 120, 41
99120, 99240, 120, 41
99600, 99720, 120, 41
57120, 57240, 120, 33
57240, 57360, 120, 35
57360, 57480, 120, 36
57480, 57600, 120, 38
57600, 61440, 3840, 40
64800, 64920, 120, 28
64920, 65040, 120, 30
65040, 65160, 120, 31
65160, 65280, 120, 33
65280, 69120, 3840, 35
72480, 72600, 120, 31
72600, 72720, 120, 33
72720, 72840, 120, 34
72840, 72960, 120, 36
72960, 76800, 3840, 38
80160, 80280, 120, 26
80280, 80400, 120, 28
80400, 80520, 120, 29
80520, 80640, 120, 31
80640, 83520, 2880, 33
84480, 84600, 120, 29
84720, 84840, 120, 29
85200, 85320, 120, 29
85440, 85560, 120, 29
85920, 86040, 120, 29
86160, 86280, 120, 29
86640, 86760, 120, 29
86880, 87000, 120, 29
87360, 87480, 120, 29
87600, 87720, 120, 29
88080, 88200, 120, 29
88320, 88440, 120, 29
88560, 88680, 120, 29
89040, 89160, 120, 29
89280, 89400, 120, 29
89760, 89880, 120, 29
90000, 90120, 120, 29
90480, 90600, 120, 29
90720, 90840, 120, 29
91200, 91320, 120, 29
91440, 91560, 120, 29
91920, 92040, 120, 29
92160, 92280, 120, 29
92400, 92520, 120, 29
92880, 93000, 120, 29
93120, 93240, 120, 29
93600, 93720, 120, 29
93840, 93960, 120, 29
94320, 94440, 120, 29
94560, 94680, 120, 29
95040, 95160, 120, 29
95280, 95400, 120, 29
95760, 95880, 120, 29
96000, 96120, 120, 29
96240, 96360, 120, 29
96720, 96840, 120, 29
96960, 97080, 120, 29
97440, 97560, 120, 29
97680, 97800, 120, 29
98160, 98280, 120, 29
98400, 98520, 120, 29
98880, 99000, 120, 29
99120, 99240, 120, 29
99600, 99720, 120, 29
0, 240, 240, 94
240, 480, 240, 93
480, 720, 240, 89
720, 960, 240, 86
960, 1200, 240, 82
1200, 1440, 240, 81
1440, 1680, 240, 77
1680, 1920, 240, 74
1920, 2160, 240, 94
2160, 2400, 240, 93
2400, 2640, 240, 89
2640, 2880, 240, 86
2880, 3120, 240, 82
3120, 3360, 240, 81
3360, 3600, 240, 77
3600, 3840, 240, 74
3840, 4080, 240, 94
4080, 4320, 240, 93
4320, 4560, 240, 89
4560, 4800, 240, 86
4800, 5040, 240, 82
5040, 5280, 240, 81
5280, 5520, 240, 77
5520, 5760, 240, 74
5760, 6000, 240, 94
6000, 6240, 240, 93
6240, 6480, 240, 89
6480, 6720, 240, 86
6720, 6960, 240, 82
6960, 7200, 240, 81
7200, 7440, 240, 77
7440, 7680, 240, 74
7680, 7920, 240, 94
7920, 8160, 240, 93
8160, 8400, 240, 89
8400, 8640, 240, 86
8640, 8880, 240, 82
8880, 9120, 240, 81
9120, 9360, 240, 77
9360, 9600, 240, 74
9600, 9840, 240, 94
9840, 10080, 240, 93
10080, 10320, 240, 89
10320, 10560, 240, 86
10560, 10800, 240, 82
10800, 11040, 240, 81
11040, 11280, 240, 77
11280, 11520, 240, 74
11520, 11760, 240, 94
11760, 12000, 240, 93
12000, 12240, 240, 89
12240, 12480, 240, 86
12480, 12720, 240, 82
12720, 12960, 240, 81
12960, 13200, 240, 77
13200, 13440, 240, 74
13440, 13680, 240, 94
13680, 13920, 240, 93
13920, 14160, 240, 89
14160, 14400, 240, 86
14400, 14640, 240, 82
14640, 14880, 240, 81
14880, 15120, 240, 77
15120, 15360, 240, 74
15360, 15600, 240, 94
15600, 15840, 240, 93
15840, 16080, 240, 89
16080, 16320, 240, 86
16320, 16560, 240, 82
16560, 16800, 240, 81
16800, 17040, 240, 77
17040, 17280, 240, 74
17280, 17520, 240, 94
17520, 17760, 240, 93
17760, 18000, 240, 89
18000, 18240, 240, 86
18240, 18480, 240, 82
18480, 18720, 240, 81
18720, 18960, 240, 77
18960, 19200, 240, 74
19200, 19440, 240, 94
19440, 19680, 240, 93
19680, 19920, 240, 89
19920, 20160, 240, 86
20160, 20400, 240, 82
20400, 20640, 240, 81
20640, 20880, 240, 77
20880, 21120, 240, 74
21120, 21360, 240, 94
21360, 21600, 240, 93
21600, 21840, 240, 89
21840, 22080, 240, 86
22080, 22320, 240, 82
22320, 22560, 240, 81
22560, 22800, 240, 77
22800, 23040, 240, 74
23040, 23280, 240, 94
23280, 23520, 240, 93
23520, 23760, 240, 89
23760, 24000, 240, 86
24000, 24240, 240, 82
24240, 24480, 240, 81
24480, 24720, 240, 77
24720, 24960, 240, 74
24960, 25200, 240, 94
25200, 25440, 240, 93
25440, 25680, 240, 89
25680, 25920, 240, 86
25920, 26160, 240, 82
26160, 26400, 240, 81
26400, 26640, 240, 77
26640, 26880, 240, 74
26880, 27120, 240, 94
27120, 27360, 240, 93
27360, 27600, 240, 89
27600, 27840, 240, 86
27840, 28080, 240, 82
28080, 28320, 240, 81
28320, 28560, 240, 77
28560, 28800, 240, 74
28800, 29040, 240, 94
29040, 29280, 240, 93
29280, 29520, 240, 89
29520, 29760, 240, 86
29760, 30000, 240, 82
30000, 30240, 240, 81
30240, 30480, 240, 77
30480, 30720, 240, 74
30720, 30960, 240, 94
30960, 31200, 240, 93
31200, 31440, 240, 89
31440, 31680, 240, 86
31680, 31920, 240, 82
31920, 32160, 240, 81
32160, 32400, 240, 77
32400, 32640, 240, 74
32640, 32880, 240, 94
32880, 33120, 240, 93
33120, 33360, 240, 89
33360, 33600, 240, 86
33600, 33840, 240, 82
33840, 34080, 240, 81
34080, 34320, 240, 77
34320, 34560, 240, 74
34560, 34800, 240, 94
34800, 35040, 240, 93
35040, 35280, 240, 89
35280, 35520, 240, 86
35520, 35760, 240, 82
35760, 36000, 240, 81
36000, 36240, 240, 77
36240, 36480, 240, 74
36480, 36720, 240, 94
36720, 36960, 240, 93
36960, 37200, 240, 89
37200, 37440, 240, 86
37440, 37680, 240, 82
37680, 37920, 240, 81
37920, 38160, 240, 77
38160, 38400, 240, 74
38400, 38640, 240, 92
38640, 38880, 240, 89
38880, 39120, 240, 85
39120, 39360, 240, 84
39360, 39600, 240, 80
39600, 39840, 240, 77
39840, 40080, 240, 73
40080, 40320, 240, 72
40320, 40560, 240, 92
40560, 40800, 240, 89
40800, 41040, 240, 85
41040, 41280, 240, 84
41280, 41520, 240, 80
41520, 41760, 240, 77
41760, 42000, 240, 73
42000, 42240, 240, 72
42240, 42480, 240, 92
42480, 42720, 240, 89
42720, 42960, 240, 85
42960, 43200, 240, 84
43200, 43440, 240, 80
43440, 43680, 240, 77
43680, 43920, 240, 73
43920, 44160, 240, 72
44160, 44400, 240, 92
44400, 44640, 240, 89
44640, 44880, 240, 85
44880, 45120, 240, 84
45120, 45360, 240, 80
45360, 45600, 240, 77
45600, 45840, 240, 73
45840, 46080, 240, 72
46080, 46320, 240, 92
46320, 46560, 240, 91
46560, 46800, 240, 87
46800, 47040, 240, 84
47040, 47280, 240, 80
47280, 47520, 240, 79
47520, 47760, 240, 75
47760, 48000, 240, 72
48000, 48240, 240, 92
48240, 48480, 240, 91
48480, 48720, 240, 87
48720, 48960, 240, 84
48960, 49200, 240, 80
49200, 49440, 240, 79
49440, 49680, 240, 75
49680, 49920, 240, 72
49920, 50160, 240, 92
50160, 50400, 240, 91
50400, 50640, 240, 87
50640, 50880, 240, 84
50880, 51120, 240, 80
51120, 51360, 240, 79
51360, 51600, 240, 75
51600, 51840, 240, 72
51840, 52080, 240, 92
52080, 52320, 240, 91
52320, 52560, 240, 87
52560, 52800, 240, 84
52800, 53040, 240, 80
53040, 53280, 240, 79
53280, 53520, 240, 75
53520, 53760, 240, 72
99840, 100080, 240, 92
100080, 100320, 240, 91
100320, 100560, 240, 88
100560, 100800, 240, 84
100800, 101040, 240, 80
101040, 101280, 240, 79
101280, 101520, 240, 76
101520, 101760, 240, 72
101760, 102000, 240, 92
102000, 102240, 240, 91
102240, 102480, 240, 88
102480, 102720, 240, 84
102720, 102960, 240, 80
102960, 103200, 240, 79
103200, 103440, 240, 76
103440, 103680, 240, 72
103680, 103920, 240, 92
103920, 104160, 240, 91
104160, 104400, 240, 88
104400, 104640, 240, 84
104640, 104880, 240, 80
104880, 105120, 240, 79
105120, 105360, 240, 76
105360, 105600, 240, 72
105600, 105839, 239, 92
105840, 106079, 239, 91
106080, 106319, 239, 88
106320, 106559, 239, 84
106560, 106799, 239, 80
106800, 107039, 239, 79
107040, 107279, 239, 76
107280, 107519, 239, 72
480, 720, 240, 94
720, 960, 240, 93
960, 1200, 240, 89
1200, 1440, 240, 86
1440, 1680, 240, 82
1680, 1920, 240, 81
1920, 2160, 240, 77
2160, 2400, 240, 74
2400, 2640, 240, 94
2640, 2880, 240, 93
2880, 3120, 240, 89
3120, 3360, 240, 86
3360, 3600, 240, 82
3600, 3840, 240, 81
3840, 4080, 240, 77
4080, 4320, 240, 74
4320, 4560, 240, 94
4560, 4800, 240, 93
4800, 5040, 240, 89
5040, 5280, 240, 86
5280, 5520, 240, 82
5520, 5760, 240, 81
5760, 6000, 240, 77
6000, 6240, 240, 74
6240, 6480, 240, 94
6480, 6720, 240, 93
6720, 6960, 240, 89
6960, 7200, 240, 86
7200, 7440, 240, 82
7440, 7680, 240, 81
7680, 7920, 240, 77
7920, 8160, 240, 74
8160, 8400, 240, 94
8400, 8640, 240, 93
8640, 8880, 240, 89
8880, 9120, 240, 86
9120, 9360, 240, 82
9360, 9600, 240, 81
9600, 9840, 240, 77
9840, 10080, 240, 74
10080, 10320, 240, 94
10320, 10560, 240, 93
10560, 10800, 240, 89
10800, 11040, 240, 86
11040, 11280, 240, 82
11280, 11520, 240, 81
11520, 11760, 240, 77
11760, 12000, 240, 74
12000, 12240, 240, 94
12240, 12480, 240, 93
12480, 12720, 240, 89
12720, 12960, 240, 86
12960, 13200, 240, 82
13200, 13440, 240, 81
13440, 13680, 240, 77
13680, 13920, 240, 74
13920, 14160, 240, 94
14160, 14400, 240, 93
14400, 14640, 240, 89
14640, 14880, 240, 86
14880, 15120, 240, 82
15120, 15360, 240, 81
15360, 15600, 240, 77
15600, 15840, 240, 74
15840, 16080, 240, 94
16080, 16320, 240, 93
16320, 16560, 240, 89
16560, 16800, 240, 86
16800, 17040, 240, 82
17040, 17280, 240, 81
17280, 17520, 240, 77
17520, 17760, 240, 74
17760, 18000, 240, 94
18000, 18240, 240, 93
18240, 18480, 240, 89
18480, 18720, 240, 86
18720, 18960, 240, 82
18960, 19200, 240, 81
19200, 19440, 240, 77
19440, 19680, 240, 74
19680, 19920, 240, 94
19920, 20160, 240, 93
20160, 20400, 240, 89
20400, 20640, 240, 86
20640, 20880, 240, 82
20880, 21120, 240, 81
21120, 21360, 240, 77
21360, 21600, 240, 74
21600, 21840, 240, 94
21840, 22080, 240, 93
22080, 22320, 240, 89
22320, 22560, 240, 86
22560, 22800, 240, 82
22800, 23040, 240, 81
23040, 23280, 240, 77
23280, 23520, 240, 74
23520, 23760, 240, 94
23760, 24000, 240, 93
24000, 24240, 240, 89
24240, 24480, 240, 86
24480, 24720, 240, 82
24720, 24960, 240, 81
24960, 25200, 240, 77
25200, 25440, 240, 74
25440, 25680, 240, 94
25680, 25920, 240, 93
25920, 26160, 240, 89
26160, 26400, 240, 86
26400, 26640, 240, 82
26640, 26880, 240, 81
26880, 27120, 240, 77
27120, 27360, 240, 74
27360, 27600, 240, 94
27600, 27840, 240, 93
27840, 28080, 240, 89
28080, 28320, 240, 86
28320, 28560, 240, 82
28560, 28800, 240, 81
28800, 29040, 240, 77
29040, 29280, 240, 74
29280, 29520, 240, 94
29520, 29760, 240, 93
29760, 30000, 240, 89
30000, 30240, 240, 86
30240, 30480, 240, 82
30480, 30720, 240, 81
30720, 30960, 240, 77
30960, 31200, 240, 74
31200, 31440, 240, 94
31440, 31680, 240, 93
31680, 31920, 240, 89
31920, 32160, 240, 86
32160, 32400, 240, 82
32400, 32640, 240, 81
32640, 32880, 240, 77
32880, 33120, 240, 74
33120, 33360, 240, 94
33360, 33600, 240, 93
33600, 33840, 240, 89
33840, 34080, 240, 86
34080, 34320, 240, 82
34320, 34560, 240, 81
34560, 34800, 240, 77
34800, 35040, 240, 74
35040, 35280, 240, 94
35280, 35520, 240, 93
35520, 35760, 240, 89
35760, 36000, 240, 86
36000, 36240, 240, 82
36240, 36480, 240, 81
36480, 36720, 240, 77
36720, 36960, 240, 74
36960, 37200, 240, 94
37200, 37440, 240, 93
37440, 37680, 240, 89
37680, 37920, 240, 86
37920, 38160, 240, 82
38160, 38400, 240, 81
38400, 38640, 240, 77
38640, 38880, 240, 74
38880, 39120, 240, 92
39120, 39360, 240, 89
39360, 39600, 240, 85
39600, 39840, 240, 84
39840, 40080, 240, 80
40080, 40320, 240, 77
40320, 40560, 240, 73
40560, 40800, 240, 72
40800, 41040, 240, 92
41040, 41280, 240, 89
41280, 41520, 240, 85
41520, 41760, 240, 84
41760, 42000, 240, 80
42000, 42240, 240, 77
42240, 42480, 240, 73
42480, 42720, 240, 72
42720, 42960, 240, 92
42960, 43200, 240, 89
43200, 43440, 240, 85
43440, 43680, 240, 84
43680, 43920, 240, 80
43920, 44160, 240, 77
44160, 44400, 240, 73
44400, 44640, 240, 72
44640, 44880, 240, 92
44880, 45120, 240, 89
45120, 45360, 240, 85
45360, 45600, 240, 84
45600, 45840, 240, 80
45840, 46080, 240, 77
46080, 46320, 240, 73
46320, 46560, 240, 72
46560, 46800, 240, 92
46800, 47040, 240, 91
47040, 47280, 240, 87
47280, 47520, 240, 84
47520, 47760, 240, 80
47760, 48000, 240, 79
48000, 48240, 240, 75
48240, 48480, 240, 72
48480, 48720, 240, 92
48720, 48960, 240, 91
48960, 49200, 240, 87
49200, 49440, 240, 84
49440, 49680, 240, 80
49680, 49920, 240, 79
49920, 50160, 240, 75
50160, 50400, 240, 72
50400, 50640, 240, 92
50640, 50880, 240, 91
50880, 51120, 240, 87
51120, 51360, 240, 84
51360, 51600, 240, 80
51600, 51840, 240, 79
51840, 52080, 240, 75
52080, 52320, 240, 72
52320, 52560, 240, 92
52560, 52800, 240, 91
52800, 53040, 240, 87
53040, 53280, 240, 84
53280, 53520, 240, 80
53520, 53760, 240, 79
100320, 100560, 240, 92
100560, 100800, 240, 91
100800, 101040, 240, 88
101040, 101280, 240, 84
101280, 101520, 240, 80
101520, 101760, 240, 79
101760, 102000, 240, 76
102000, 102240, 240, 72
102240, 102480, 240, 92
102480, 102720, 240, 91
102720, 102960, 240, 88
102960, 103200, 240, 84
103200, 103440, 240, 80
103440, 103680, 240, 79
103680, 103920, 240, 76
103920, 104160, 240, 72
104160, 104400, 240, 92
104400, 104640, 240, 91
104640, 104880, 240, 88
104880, 105120, 240, 84
105120, 105360, 240, 80
105360, 105600, 240, 79
105600, 105839, 239, 76
105840, 106079, 239, 72
106080, 106319, 239, 92
106320, 106559, 239, 91
106560, 106799, 239, 88
106800, 107039, 239, 84
107040, 107279, 239, 80
107280, 107519, 239, 79
960, 1200, 240, 94
1200, 1440, 240, 93
1440, 1680, 240, 89
1680, 1920, 240, 86
1920, 2160, 240, 82
2160, 2400, 240, 81
2400, 2640, 240, 77
2640, 2880, 240, 74
2880, 3120, 240, 94
3120, 3360, 240, 93
3360, 3600, 240, 89
3600, 3840, 240, 86
3840, 4080, 240, 82
4080, 4320, 240, 81
4320, 4560, 240, 77
4560, 4800, 240, 74
4800, 5040, 240, 94
5040, 5280, 240, 93
5280, 5520, 240, 89
5520, 5760, 240, 86
5760, 6000, 240, 82
6000, 6240, 240, 81
6240, 6480, 240, 77
6480, 6720, 240, 74
6720, 6960, 240, 94
6960, 7200, 240, 93
7200, 7440, 240, 89
7440, 7680, 240, 86
7680, 7920, 240, 82
7920, 8160, 240, 81
8160, 8400, 240, 77
8400, 8640, 240, 74
8640, 8880, 240, 94
8880, 9120, 240, 93
9120, 9360, 240, 89
9360, 9600, 240, 86
9600, 9840, 240, 82
9840, 10080, 240, 81
10080, 10320, 240, 77
10320, 10560, 240, 74
10560, 10800, 240, 94
10800, 11040, 240, 93
11040, 11280, 240, 89
11280, 11520, 240, 86
11520, 11760, 240, 82
11760, 12000, 240, 81
12000, 12240, 240, 77
12240, 12480, 240, 74
12480, 12720, 240, 94
12720, 12960, 240, 93
12960, 13200, 240, 89
13200, 13440, 240, 86
13440, 13680, 240, 82
13680, 13920, 240, 81
13920, 14160, 240, 77
14160, 14400, 240, 74
14400, 14640, 240, 94
14640, 14880, 240, 93
14880, 15120, 240, 89
15120, 15360, 240, 86
15360, 15600, 240, 82
15600, 15840, 240, 81
15840, 16080, 240, 77
16080, 16320, 240, 74
16320, 16560, 240, 94
16560, 16800, 240, 93
16800, 17040, 240, 89
17040, 17280, 240, 86
17280, 17520, 240, 82
17520, 17760, 240, 81
17760, 18000, 240, 77
18000, 18240, 240, 74
18240, 18480, 240, 94
18480, 18720, 240, 93
18720, 18960, 240, 89
18960, 19200, 240, 86
19200, 19440, 240, 82
19440, 19680, 240, 81
19680, 19920, 240, 77
19920, 20160, 240, 74
20160, 20400, 240, 94
20400, 20640, 240, 93
20640, 20880, 240, 89
20880, 21120, 240, 86
21120, 21360, 240, 82
21360, 21600, 240, 81
21600, 21840, 240, 77
21840, 22080, 240, 74
22080, 22320, 240, 94
22320, 22560, 240, 93
22560, 22800, 240, 89
22800, 23040, 240, 86
23040, 23280, 240, 82
23280, 23520, 240, 81
23520, 23760, 240, 77
23760, 24000, 240, 74
24000, 24240, 240, 94
24240, 24480, 240, 93
24480, 24720, 240, 89
24720, 24960, 240, 86
24960, 25200, 240, 82
25200, 25440, 240, 81
25440, 25680, 240, 77
25680, 25920, 240, 74
25920, 26160, 240, 94
26160, 26400, 240, 93
26400, 26640, 240, 89
26640, 26880, 240, 86
26880, 27120, 240, 82
27120, 27360, 240, 81
27360, 27600, 240, 77
27600, 27840, 240, 74
27840, 28080, 240, 94
28080, 28320, 240, 93
28320, 28560, 240, 89
28560, 28800, 240, 86
28800, 29040, 240, 82
29040, 29280, 240, 81
29280, 29520, 240, 77
29520, 29760, 240, 74
29760, 30000, 240, 94
30000, 30240, 240, 93
30240, 30480, 240, 89
30480, 30720, 240, 86
30720, 30960, 240, 82
30960, 31200, 240, 81
31200, 31440, 240, 77
31440, 31680, 240, 74
31680, 31920, 240, 94
31920, 32160, 240, 93
32160, 32400, 240, 89
32400, 32640, 240, 86
32640, 32880, 240, 82
32880, 33120, 240, 81
33120, 33360, 240, 77
33360, 33600, 240, 74
33600, 33840, 240, 94
33840, 34080, 240, 93
34080, 34320, 240, 89
34320, 34560, 240, 86
34560, 34800, 240, 82
34800, 35040, 240, 81
35040, 35280, 240, 77
35280, 35520, 240, 74
35520, 35760, 240, 94
35760, 36000, 240, 93
36000, 36240, 240, 89
36240, 36480, 240, 86
36480, 36720, 240, 82
36720, 36960, 240, 81
36960, 37200, 240, 77
37200, 37440, 240, 74
37440, 37680, 240, 94
37680, 37920, 240, 93
37920, 38160, 240, 89
38160, 38400, 240, 86
38400, 38640, 240, 82
38640, 38880, 240, 81
38880, 39120, 240, 77
39120, 39360, 240, 74
39360, 39600, 240, 92
39600, 39840, 240, 89
39840, 40080, 240, 85
40080, 40320, 240, 84
40320, 40560, 240, 80
40560, 40800, 240, 77
40800, 41040, 240, 73
41040, 41280, 240, 72
41280, 41520, 240, 92
41520, 41760, 240, 89
41760, 42000, 240, 85
42000, 42240, 240, 84
42240, 42480, 240, 80
42480, 42720, 240, 77
42720, 42960, 240, 73
42960, 43200, 240, 72
43200, 43440, 240, 92
43440, 43680, 240, 89
43680, 43920, 240, 85
43920, 44160, 240, 84
44160, 44400, 240, 80
44400, 44640, 240, 77
44640, 44880, 240, 73
44880, 45120, 240, 72
45120, 45360, 240, 92
45360, 45600, 240, 89
45600, 45840, 240, 85
45840, 46080, 240, 84
46080, 46320, 240, 80
46320, 46560, 240, 77
46560, 46800, 240, 73
46800, 47040, 240, 72
47040, 47280, 240, 92
47280, 47520, 240, 91
47520, 47760, 240, 87
47760, 48000, 240, 84
48000, 48240, 240, 80
48240, 48480, 240, 79
48480, 48720, 240, 75
48720, 48960, 240, 72
48960, 49200, 240, 92
49200, 49440, 240, 91
49440, 49680, 240, 87
49680, 49920, 240, 84
49920, 50160, 240, 80
50160, 50400, 240, 79
50400, 50640, 240, 75
50640, 50880, 240, 72
50880, 51120, 240, 92
51120, 51360, 240, 91
51360, 51600, 240, 87
51600, 51840, 240, 84
51840, 52080, 240, 80
52080, 52320, 240, 79
52320, 52560, 240, 75
52560, 52800, 240, 72
52800, 53040, 240, 92
53040, 53280, 240, 91
53280, 53520, 240, 87
53520, 53760, 240, 84
100800, 101040, 240, 92
101040, 101280, 240, 91
101280, 101520, 240, 88
101520, 101760, 240, 84
101760, 102000, 240, 80
102000, 102240, 240, 79
102240, 102480, 240, 76
102480, 102720, 240, 72
102720, 102960, 240, 92
102960, 103200, 240, 91
103200, 103440, 240, 88
103440, 103680, 240, 84
103680, 103920, 240, 80
103920, 104160, 240, 79
104160, 104400, 240, 76
104400, 104640, 240, 72
104640, 104880, 240, 92
104880, 105120, 240, 91
105120, 105360, 240, 88
105360, 105600, 240, 84
105600, 105839, 239, 80
105840, 106079, 239, 79
106080, 106319, 239, 76
106320, 106559, 239, 72
106560, 106799, 239, 92
106800, 107039, 239, 91
107040, 107279, 239, 88
107280, 107519, 239, 84
7680, 7920, 240, 38
7920, 8160, 240, 41
8160, 8400, 240, 38
8400, 8640, 240, 41
8640, 8880, 240, 46
8880, 9120, 240, 45
9120, 9360, 240, 41
9360, 9600, 240, 38
9600, 9840, 240, 41
9840, 10080, 240, 45
10080, 10320, 240, 46
10320, 10560, 240, 45
10560, 10800, 240, 41
10800, 11040, 240, 38
11040, 11280, 240, 34
11280, 11520, 240, 33
11520, 11760, 240, 38
11760, 12000, 240, 41
12000, 12240, 240, 38
12240, 12480, 240, 41
12480, 12720, 240, 46
12720, 12960, 240, 45
12960, 13200, 240, 41
13200, 13440, 240, 38
13440, 13680, 240, 41
13680, 13920, 240, 45
13920, 14160, 240, 46
14160, 14400, 240, 45
14400, 14640, 240, 41
14640, 14880, 240, 38
14880, 15120, 240, 34
15120, 15360, 240, 33
15360, 15600, 240, 38
15600, 15840, 240, 41
15840, 16080, 240, 38
16080, 16320, 240, 41
16320, 16560, 240, 46
16560, 16800, 240, 45
16800, 17040, 240, 41
17040, 17280, 240, 38
17280, 17520, 240, 41
17520, 17760, 240, 45
17760, 18000, 240, 46
18000, 18240, 240, 45
18240, 18480, 240, 41
18480, 18720, 240, 38
18720, 18960, 240, 34
18960, 19200, 240, 33
19200, 19440, 240, 38
19440, 19680, 240, 41
19680, 19920, 240, 38
19920, 20160, 240, 41
20160, 20400, 240, 46
20400, 20640, 240, 45
20640, 20880, 240, 41
20880, 21120, 240, 38
21120, 21360, 240, 41
21360, 21600, 240, 45
21600, 21840, 240, 46
21840, 22080, 240, 45
22080, 22320, 240, 41
22320, 22560, 240, 38
22560, 22800, 240, 34
22800, 23040, 240, 33
23040, 23280, 240, 38
23280, 23520, 240, 41
23520, 23760, 240, 38
23760, 24000, 240, 41
24000, 24240, 240, 46
24240, 24480, 240, 45
24480, 24720, 240, 41
24720, 24960, 240, 38
24960, 25200, 240, 41
25200, 25440, 240, 45
25440, 25680, 240, 46
25680, 25920, 240, 45
25920, 26160, 240, 41
26160, 26400, 240, 38
26400, 26640, 240, 34
26640, 26880, 240, 33
26880, 27120, 240, 38
27120, 27360, 240, 41
27360, 27600, 240, 38
27600, 27840, 240, 41
27840, 28080, 240, 46
28080, 28320, 240, 45
28320, 28560, 240, 41
28560, 28800, 240, 38
28800, 29040, 240, 41
29040, 29280, 240, 45
29280, 29520, 240, 46
29520, 29760, 240, 45
29760, 30000, 240, 41
30000, 30240, 240, 38
30240, 30480, 240, 34
30480, 30720, 240, 33
30720, 30960, 240, 38
30960, 31200, 240, 41
31200, 31440, 240, 38
31440, 31680, 240, 41
31680, 31920, 240, 46
31920, 32160, 240, 45
32160, 32400, 240, 41
32400, 32640, 240, 38
32640, 32880, 240, 41
32880, 33120, 240, 45
33120, 33360, 240, 46
33360, 33600, 240, 45
33600, 33840, 240, 41
33840, 34080, 240, 38
34080, 34320, 240, 34
34320, 34560, 240, 33
34560, 34800, 240, 38
34800, 35040, 240, 41
35040, 35280, 240, 38
35280, 35520, 240, 41
35520, 35760, 240, 46
35760, 36000, 240, 45
36000, 36240, 240, 41
36240, 36480, 240, 38
36480, 36720, 240, 41
36720, 36960, 240, 45
36960, 37200, 240, 46
37200, 37440, 240, 45
37440, 37680, 240, 41
37680, 37920, 240, 38
37920, 38160, 240, 34
38160, 38400, 240, 33
38400, 38640, 240, 41
38640, 38880, 240, 44
38880, 39120, 240, 41
39120, 39360, 240, 44
39360, 39600, 240, 49
39600, 39840, 240, 48
39840, 40080, 240, 44
40080, 40320, 240, 41
40320, 40560, 240, 44
40560, 40800, 240, 48
40800, 41040, 240, 49
41040, 41280, 240, 48
41280, 41520, 240, 44
41520, 41760, 240, 41
41760, 42000, 240, 37
42000, 42240, 240, 36
42240, 42480, 240, 41
42480, 42720, 240, 44
42720, 42960, 240, 41
42960, 43200, 240, 44
43200, 43440, 240, 49
43440, 43680, 240, 48
43680, 43920, 240, 44
43920, 44160, 240, 41
44160, 44400, 240, 44
44400, 44640, 240, 48
44640, 44880, 240, 49
44880, 45120, 240, 48
45120, 45360, 240, 44
45360, 45600, 240, 41
45600, 45840, 240, 37
45840, 46080, 240, 36
46080, 46320, 240, 36
46320, 46560, 240, 39
46560, 46800, 240, 36
46800, 47040, 240, 39
47040, 47280, 240, 44
47280, 47520, 240, 43
47520, 47760, 240, 39
47760, 48000, 240, 36
48000, 48240, 240, 39
48240, 48480, 240, 43
48480, 48720, 240, 44
48720, 48960, 240, 43
48960, 49200, 240, 39
49200, 49440, 240, 36
49440, 49680, 240, 32
49680, 49920, 240, 31
49920, 50160, 240, 36
50160, 50400, 240, 39
50400, 50640, 240, 36
50640, 50880, 240, 39
50880, 51120, 240, 44
51120, 51360, 240, 43
51360, 51600, 240, 39
51600, 51840, 240, 36
51840, 52080, 240, 39
52080, 52320, 240, 43
52320, 52560, 240, 44
52560, 52800, 240, 43
52800, 53040, 240, 39
53040, 53280, 240, 36
53280, 53520, 240, 32
53520, 53760, 240, 31
53760, 54000, 240, 33
54000, 54240, 240, 36
54240, 54480, 240, 33
54480, 54720, 240, 36
54720, 54960, 240, 41
54960, 55200, 240, 40
55200, 55440, 240, 36
55440, 55680, 240, 33
55680, 55920, 240, 36
55920, 56160, 240, 40
56160, 56400, 240, 41
56400, 56640, 240, 40
56640, 56880, 240, 36
56880, 57120, 240, 33
57120, 57360, 240, 29
57360, 57600, 240, 28
57600, 57840, 240, 33
57840, 58080, 240, 36
58080, 58320, 240, 33
58320, 58560, 240, 36
58560, 58800, 240, 41
58800, 59040, 240, 40
59040, 59280, 240, 36
59280, 59520, 240, 33
59520, 59760, 240, 36
59760, 60000, 240, 40
60000, 60240, 240, 41
60240, 60480, 240, 40
60480, 60720, 240, 36
60720, 60960, 240, 33
60960, 61200, 240, 29
61200, 61440, 240, 28
61440, 61680, 240, 40
61680, 61920, 240, 43
61920, 62160, 240, 40
62160, 62400, 240, 43
62400, 62640, 240, 48
62640, 62880, 240, 47
62880, 63120, 240, 43
63120, 63360, 240, 40
63360, 63600, 240, 43
63600, 63840, 240, 47
63840, 64080, 240, 48
64080, 64320, 240, 47
64320, 64560, 240, 43
64560, 64800, 240, 40
64800, 65040, 240, 36
65040, 65280, 240, 35
65280, 65520, 240, 40
65520, 65760, 240, 43
65760, 66000, 240, 40
66000, 66240, 240, 43
66240, 66480, 240, 48
66480, 66720, 240, 47
66720, 66960, 240, 43
66960, 67200, 240, 40
67200, 67440, 240, 43
67440, 67680, 240, 47
67680, 67920, 240, 48
67920, 68160, 240, 47
68160, 68400, 240, 43
68400, 68640, 240, 40
68640, 68880, 240, 36
68880, 69120, 240, 35
69120, 69360, 240, 43
69360, 69600, 240, 46
69600, 69840, 240, 43
69840, 70080, 240, 46
70080, 70320, 240, 51
70320, 70560, 240, 50
70560, 70800, 240, 46
70800, 71040, 240, 43
71040, 71280, 240, 46
71280, 71520, 240, 50
71520, 71760, 240, 51
71760, 72000, 240, 50
72000, 72240, 240, 46
72240, 72480, 240, 43
72480, 72720, 240, 39
72720, 72960, 240, 38
72960, 73200, 240, 43
73200, 73440, 240, 46
73440, 73680, 240, 43
73680, 73920, 240, 46
73920, 74160, 240, 51
74160, 74400, 240, 50
74400, 74640, 240, 46
74640, 74880, 240, 43
74880, 75120, 240, 46
75120, 75360, 240, 50
75360, 75600, 240, 51
75600, 75840, 240, 50
75840, 76080, 240, 46
76080, 76320, 240, 43
76320, 76560, 240, 39
76560, 76800, 240, 38
76800, 77040, 240, 38
77040, 77280, 240, 41
77280, 77520, 240, 38
77520, 77760, 240, 41
77760, 78000, 240, 46
78000, 78240, 240, 45
78240, 78480, 240, 41
78480, 78720, 240, 38
78720, 78960, 240, 41
78960, 79200, 240, 45
79200, 79440, 240, 46
79440, 79680, 240, 45
79680, 79920, 240, 41
79920, 80160, 240, 38
80160, 80400, 240, 34
80400, 80640, 240, 33
80640, 80880, 240, 38
80880, 81120, 240, 41
81120, 81360, 240, 38
81360, 81600, 240, 41
81600, 81840, 240, 46
81840, 82080, 240, 45
82080, 82320, 240, 41
82320, 82560, 240, 38
82560, 82800, 240, 41
82800, 83040, 240, 45
83040, 83280, 240, 46
83280, 83520, 240, 45
83520, 83760, 240, 41
83760, 84000, 240, 38
84000, 84240, 240, 34
84240, 84480, 240, 33
84480, 84720, 240, 41
84720, 84960, 240, 41
84960, 85200, 240, 41
85200, 85440, 240, 41
85440, 85680, 240, 41
85680, 85920, 240, 41
85920, 86160, 240, 41
86160, 86400, 240, 41
86400, 86640, 240, 41
86640, 86880, 240, 41
86880, 87120, 240, 41
87120, 87360, 240, 41
87360, 87600, 240, 41
87600, 87840, 240, 41
87840, 88080, 240, 41
88080, 88320, 240, 41
88320, 88560, 240, 41
88560, 88800, 240, 41
88800, 89040, 240, 41
89040, 89280, 240, 41
89280, 89520, 240, 41
89520, 89760, 240, 41
89760, 90000, 240, 41
90000, 90240, 240, 41
90240, 90480, 240, 41
90480, 90720, 240, 41
90720, 90960, 240, 41
90960, 91200, 240, 41
91200, 91440, 240, 41
91440, 91680, 240, 41
91680, 91920, 240, 41
91920, 92160, 240, 41
92160, 92400, 240, 41
92400, 92640, 240, 41
92640, 92880, 240, 41
92880, 93120, 240, 41
93120, 93360, 240, 41
93360, 93600, 240, 41
93600, 93840, 240, 41
93840, 94080, 240, 41
94080, 94320, 240, 41
94320, 94560, 240, 41
94560, 94800, 240, 41
94800, 95040, 240, 41
95040, 95280, 240, 41
95280, 95520, 240, 41
95520, 95760, 240, 41
95760, 96000, 240, 41
96000, 96240, 240, 41
96240, 96480, 240, 41
96480, 96720, 240, 41
96720, 96960, 240, 41
96960, 97200, 240, 41
97200, 97440, 240, 41
97440, 97680, 240, 41
97680, 97920, 240, 41
97920, 98160, 240, 41
98160, 98400, 240, 41
98400, 98640, 240, 41
98640, 98880, 240, 41
98880, 99120, 240, 41
99120, 99360, 240, 41
99360, 99600, 240, 41
99600, 99840, 240, 41
99840, 100080, 240, 36
100080, 100320, 240, 40
100320, 100560, 240, 36
100560, 100800, 240, 40
100800, 101040, 240, 44
101040, 101280, 240, 43
101280, 101520, 240, 40
101520, 101760, 240, 36
101760, 102000, 240, 40
102000, 102240, 240, 43
102240, 102480, 240, 44
102480, 102720, 240, 43
102720, 102960, 240, 40
102960, 103200, 240, 36
103200, 103440, 240, 32
103440, 103680, 240, 31
103680, 103920, 240, 36
103920, 104160, 240, 40
104160, 104400, 240, 36
104400, 104640, 240, 40
104640, 104880, 240, 44
104880, 105120, 240, 43
105120, 105360, 240, 40
105360, 105600, 240, 36
105600, 105839, 239, 40
105840, 106079, 239, 43
106080, 106319, 239, 44
106320, 106559, 239, 43
106560, 106799, 239, 40
106800, 107039, 239, 36
107040, 107279, 239, 32
107280, 107519, 239, 31
7680, 7920, 240, 38
7920, 8160, 240, 41
8160, 8400, 240, 38
8400, 8640, 240, 41
8640, 8880, 240, 46
8880, 9120, 240, 45
9120, 9360, 240, 41
9360, 9600, 240, 38
9600, 9840, 240, 41
9840, 10080, 240, 45
10080, 10320, 240, 46
10320, 10560, 240, 45
10560, 10800, 240, 41
10800, 11040, 240, 38
11040, 11280, 240, 34
11280, 11520, 240, 33
11520, 11760, 240, 38
11760, 12000, 240, 41
12000, 12240, 240, 38
12240, 12480, 240, 41
12480, 12720, 240, 46
12720, 12960, 240, 45
12960, 13200, 240, 41
13200, 13440, 240, 38
13440, 13680, 240, 41
13680, 13920, 240, 45
13920, 14160, 240, 46
14160, 14400, 240, 45
14400, 14640, 240, 41
14640, 14880, 240, 38
14880, 15120, 240, 34
15120, 15360, 240, 33
15360, 15600, 240, 38
15600, 15840, 240, 41
15840, 16080, 240, 38
16080, 16320, 240, 41
16320, 16560, 240, 46
16560, 16800, 240, 45
16800, 17040, 240, 41
17040, 17280, 240, 38
17280, 17520, 240, 41
17520, 17760, 240, 45
17760, 18000, 240, 46
18000, 18240, 240, 45
18240, 18480, 240, 41
18480, 18720, 240, 38
18720, 18960, 240, 34
18960, 19200, 240, 33
19200, 19440, 240, 38
19440, 19680, 240, 41
19680, 19920, 240, 38
19920, 20160, 240, 41
20160, 20400, 240, 46
20400, 20640, 240, 45
20640, 20880, 240, 41
20880, 21120, 240, 38
21120, 21360, 240, 41
21360, 21600, 240, 45
21600, 21840, 240, 46
21840, 22080, 240, 45
22080, 22320, 240, 41
22320, 22560, 240, 38
22560, 22800, 240, 34
22800, 23040, 240, 33
23040, 23280, 240, 38
23280, 23520, 240, 41
23520, 23760, 240, 38
23760, 24000, 240, 41
24000, 24240, 240, 46
24240, 24480, 240, 45
24480, 24720, 240, 41
24720, 24960, 240, 38
24960, 25200, 240, 41
25200, 25440, 240, 45
25440, 25680, 240, 46
25680, 25920, 240, 45
25920, 26160, 240, 41
26160, 26400, 240, 38
26400, 26640, 240, 34
26640, 26880, 240, 33
26880, 27120, 240, 38
27120, 27360, 240, 41
27360, 27600, 240, 38
27600, 27840, 240, 41
27840, 28080, 240, 46
28080, 28320, 240, 45
28320, 28560, 240, 41
28560, 28800, 240, 38
28800, 29040, 240, 41
29040, 29280, 240, 45
29280, 29520, 240, 46
29520, 29760, 240, 45
29760, 30000, 240, 41
30000, 30240, 240, 38
30240, 30480, 240, 34
30480, 30720, 240, 33
30720, 30960, 240, 38
30960, 31200, 240, 41
31200, 31440, 240, 38
31440, 31680, 240, 41
31680, 31920, 240, 46
31920, 32160, 240, 45
32160, 32400, 240, 41
32400, 32640, 240, 38
32640, 32880, 240, 41
32880, 33120, 240, 45
33120, 33360, 240, 46
33360, 33600, 240, 45
33600, 33840, 240, 41
33840, 34080, 240, 38
34080, 34320, 240, 34
34320, 34560, 240, 33
34560, 34800, 240, 38
34800, 35040, 240, 41
35040, 35280, 240, 38
35280, 35520, 240, 41
35520, 35760, 240, 46
35760, 36000, 240, 45
36000, 36240, 240, 41
36240, 36480, 240, 38
36480, 36720, 240, 41
36720, 36960, 240, 45
36960, 37200, 240, 46
37200, 37440, 240, 45
37440, 37680, 240, 41
37680, 37920, 240, 38
37920, 38160, 240, 34
38160, 38400, 240, 33
38400, 38640, 240, 41
38640, 38880, 240, 44
38880, 39120, 240, 41
39120, 39360, 240, 44
39360, 39600, 240, 49
39600, 39840, 240, 48
39840, 40080, 240, 44
40080, 40320, 240, 41
40320, 40560, 240, 44
40560, 40800, 240, 48
40800, 41040, 240, 49
41040, 41280, 240, 48
41280, 41520, 240, 44
41520, 41760, 240, 41
41760, 42000, 240, 37
42000, 42240, 240, 36
42240, 42480, 240, 41
42480, 42720, 240, 44
42720, 42960, 240, 41
42960, 43200, 240, 44
43200, 43440, 240, 49
43440, 43680, 240, 48
43680, 43920, 240, 44
43920, 44160, 240, 41
44160, 44400, 240, 44
44400, 44640, 240, 48
44640, 44880, 240, 49
44880, 45120, 240, 48
45120, 45360, 240, 44
45360, 45600, 240, 41
45600, 45840, 240, 37
45840, 46080, 240, 36
46080, 46320, 240, 36
46320, 46560, 240, 39
46560, 46800, 240, 36
46800, 47040, 240, 39
47040, 47280, 240, 44
47280, 47520, 240, 43
47520, 47760, 240, 39
47760, 48000, 240, 36
48000, 48240, 240, 39
48240, 48480, 240, 43
48480, 48720, 240, 44
48720, 48960, 240, 43
48960, 49200, 240, 39
49200, 49440, 240, 36
49440, 49680, 240, 32
49680, 49920, 240, 31
49920, 50160, 240, 36
50160, 50400, 240, 39
50400, 50640, 240, 36
50640, 50880, 240, 39
50880, 51120, 240, 44
51120, 51360, 240, 43
51360, 51600, 240, 39
51600, 51840, 240, 36
51840, 52080, 240, 39
52080, 52320, 240, 43
52320, 52560, 240, 44
52560, 52800, 240, 43
52800, 53040, 240, 39
53040, 53280, 240, 36
53280, 53520, 240, 32
53520, 53760, 240, 31
53760, 54000, 240, 33
54000, 54240, 240, 36
54240, 54480, 240, 33
54480, 54720, 240, 36
54720, 54960, 240, 41
54960, 55200, 240, 40
55200, 55440, 240, 36
55440, 55680, 240, 33
55680, 55920, 240, 36
55920, 56160, 240, 40
56160, 56400, 240, 41
56400, 56640, 240, 40
56640, 56880, 240, 36
56880, 57120, 240, 33
57120, 57360, 240, 29
57360, 57600, 240, 28
57600, 57840, 240, 33
57840, 58080, 240, 36
58080, 58320, 240, 33
58320, 58560, 240, 36
58560, 58800, 240, 41
58800, 59040, 240, 40
59040, 59280, 240, 36
59280, 59520, 240, 33
59520, 59760, 240, 36
59760, 60000, 240, 40
60000, 60240, 240, 41
60240, 60480, 240, 40
60480, 60720, 240, 36
60720, 60960, 240, 33
60960, 61200, 240, 29
61200, 61440, 240, 28
61440, 61680, 240, 40
61680, 61920, 240, 43
61920, 62160, 240, 40
62160, 62400, 240, 43
62400, 62640, 240, 48
62640, 62880, 240, 47
62880, 63120, 240, 43
63120, 63360, 240, 40
63360, 63600, 240, 43
63600, 63840, 240, 47
63840, 64080, 240, 48
64080, 64320, 240, 47
64320, 64560, 240, 43
64560, 64800, 240, 40
64800, 65040, 240, 36
65040, 65280, 240, 35
65280, 65520, 240, 40
65520, 65760, 240, 43
65760, 66000, 240, 40
66000, 66240, 240, 43
66240, 66480, 240, 48
66480, 66720, 240, 47
66720, 66960, 240, 43
66960, 67200, 240, 40
67200, 67440, 240, 43
67440, 67680, 240, 47
67680, 67920, 240, 48
67920, 68160, 240, 47
68160, 68400, 240, 43
68400, 68640, 240, 40
68640, 68880, 240, 36
68880, 69120, 240, 35
69120, 69360, 240, 43
69360, 69600, 240, 46
69600, 69840, 240, 43
69840, 70080, 240, 46
70080, 70320, 240, 51
70320, 70560, 240, 50
70560, 70800, 240, 46
70800, 71040, 240, 43
71040, 71280, 240, 46
71280, 71520, 240, 50
71520, 71760, 240, 51
71760, 72000, 240, 50
72000, 72240, 240, 46
72240, 72480, 240, 43
72480, 72720, 240, 39
72720, 72960, 240, 38
72960, 73200, 240, 43
73200, 73440, 240, 46
73440, 73680, 240, 43
73680, 73920, 240, 46
73920, 74160, 240, 51
74160, 74400, 240, 50
74400, 74640, 240, 46
74640, 74880, 240, 43
74880, 75120, 240, 46
75120, 75360, 240, 50
75360, 75600, 240, 51
75600, 75840, 240, 50
75840, 76080, 240, 46
76080, 76320, 240, 43
76320, 76560, 240, 39
76560, 76800, 240, 38
76800, 77040, 240, 38
77040, 77280, 240, 41
77280, 77520, 240, 38
77520, 77760, 240, 41
77760, 78000, 240, 46
78000, 78240, 240, 45
78240, 78480, 240, 41
78480, 78720, 240, 38
78720, 78960, 240, 41
78960, 79200, 240, 45
79200, 79440, 240, 46
79440, 79680, 240, 45
79680, 79920, 240, 41
79920, 80160, 240, 38
80160, 80400, 240, 34
80400, 80640, 240, 33
80640, 80880, 240, 38
80880, 81120, 240, 41
81120, 81360, 240, 38
81360, 81600, 240, 41
81600, 81840, 240, 46
81840, 82080, 240, 45
82080, 82320, 240, 41
82320, 82560, 240, 38
82560, 82800, 240, 41
82800, 83040, 240, 45
83040, 83280, 240, 46
83280, 83520, 240, 45
83520, 83760, 240, 41
83760, 84000, 240, 38
84000, 84240, 240, 34
84240, 84480, 240, 33
84480, 84720, 240, 41
84720, 84960, 240, 41
84960, 85200, 240, 41
85200, 85440, 240, 41
85440, 85680, 240, 41
85680, 85920, 240, 41
85920, 86160, 240, 41
86160, 86400, 240, 41
86400, 86640, 240, 41
86640, 86880, 240, 41
86880, 87120, 240, 41
87120, 87360, 240, 41
87360, 87600, 240, 41
87600, 87840, 240, 41
87840, 88080, 240, 41
88080, 88320, 240, 41
88320, 88560, 240, 41
88560, 88800, 240, 41
88800, 89040, 240, 41
89040, 89280, 240, 41
89280, 89520, 240, 41
89520, 89760, 240, 41
89760, 90000, 240, 41
90000, 90240, 240, 41
90240, 90480, 240, 41
90480, 90720, 240, 41
90720, 90960, 240, 41
90960, 91200, 240, 41
91200, 91440, 240, 41
91440, 91680, 240, 41
91680, 91920, 240, 41
91920, 92160, 240, 41
92160, 92400, 240, 41
92400, 92640, 240, 41
92640, 92880, 240, 41
92880, 93120, 240, 41
93120, 93360, 240, 41
93360, 93600, 240, 41
93600, 93840, 240, 41
93840, 94080, 240, 41
94080, 94320, 240, 41
94320, 94560, 240, 41
94560, 94800, 240, 41
94800, 95040, 240, 41
95040, 95280, 240, 41
95280, 95520, 240, 41
95520, 95760, 240, 41
95760, 96000, 240, 41
96000, 96240, 240, 41
96240, 96480, 240, 41
96480, 96720, 240, 41
96720, 96960, 240, 41
96960, 97200, 240, 41
97200, 97440, 240, 41
97440, 97680, 240, 41
97680, 97920, 240, 41
97920, 98160, 240, 41
98160, 98400, 240, 41
98400, 98640, 240, 41
98640, 98880, 240, 41
98880, 99120, 240, 41
99120, 99360, 240, 41
99360, 99600, 240, 41
99600, 99840, 240, 41
99840, 100080, 240, 36
100080, 100320, 240, 40
100320, 100560, 240, 36
100560, 100800, 240, 40
100800, 101040, 240, 44
101040, 101280, 240, 43
101280, 101520, 240, 40
101520, 101760, 240, 36
101760, 102000, 240, 40
102000, 102240, 240, 43
102240, 102480, 240, 44
102480, 102720, 240, 43
102720, 102960, 240, 40
102960, 103200, 240, 36
103200, 103440, 240, 32
103440, 103680, 240, 31
103680, 103920, 240, 36
103920, 104160, 240, 40
104160, 104400, 240, 36
104400, 104640, 240, 40
104640, 104880, 240, 44
104880, 105120, 240, 43
105120, 105360, 240, 40
105360, 105600, 240, 36
105600, 105839, 239, 40
105840, 106079, 239, 43
106080, 106319, 239, 44
106320, 106559, 239, 43
106560, 106799, 239, 40
106800, 107039, 239, 36
107040, 107279, 239, 32
107280, 107519, 239, 31
23040, 24960, 1920, 57
38400, 40320, 1920, 57
84480, 86400, 1920, 57
99840, 101760, 1920, 57
0, 240, 240, 46
240, 360, 120, 42
360, 480, 120, 42
480, 720, 240, 46
720, 840, 120, 42
840, 960, 120, 42
960, 1200, 240, 46
1200, 1320, 120, 42
1320, 1440, 120, 42
1440, 1680, 240, 46
1680, 1800, 120, 42
1800, 1920, 120, 42
1920, 2160, 240, 46
2160, 2280, 120, 42
2280, 2400, 120, 42
2400, 2640, 240, 46
2640, 2760, 120, 42
2760, 2880, 120, 42
2880, 3120, 240, 46
3120, 3240, 120, 42
3240, 3360, 120, 42
3360, 3600, 240, 46
3600, 3720, 120, 42
3720, 3840, 120, 42
3840, 4080, 240, 46
4080, 4200, 120, 42
4200, 4320, 120, 42
4320, 4560, 240, 46
4560, 4680, 120, 42
4680, 4800, 120, 42
4800, 5040, 240, 46
5040, 5160, 120, 42
5160, 5280, 120, 42
5280, 5520, 240, 46
5520, 5640, 120, 42
5640, 5760, 120, 42
5760, 6000, 240, 46
6000, 6120, 120, 42
6120, 6240, 120, 42
6240, 6480, 240, 46
6480, 6600, 120, 42
6600, 6720, 120, 42
6720, 6960, 240, 46
6960, 7080, 120, 42
7080, 7200, 120, 42
7200, 7440, 240, 46
7440, 7560, 120, 42
7560, 7680, 120, 42
7680, 7920, 240, 46
7920, 8040, 120, 42
8040, 8160, 120, 42
8160, 8400, 240, 46
8400, 8520, 120, 42
8520, 8640, 120, 42
8640, 8880, 240, 46
8880, 9000, 120, 42
9000, 9120, 120, 42
9120, 9360, 240, 46
9360, 9480, 120, 42
9480, 9600, 120, 42
9600, 9840, 240, 46
9840, 9960, 120, 42
9960, 10080, 120, 42
10080, 10320, 240, 46
10320, 10440, 120, 42
10440, 10560, 120, 42
10560, 10800, 240, 46
10800, 10920, 120, 42
10920, 11040, 120, 42
11040, 11280, 240, 46
11280, 11400, 120, 42
11400, 11520, 120, 42
11520, 11760, 240, 46
11760, 11880, 120, 42
11880, 12000, 120, 42
12000, 12240, 240, 46
12240, 12360, 120, 42
12360, 12480, 120, 42
12480, 12720, 240, 46
12720, 12840, 120, 42
12840, 12960, 120, 42
12960, 13200, 240, 46
13200, 13320, 120, 42
13320, 13440, 120, 42
13440, 13680, 240, 46
13680, 13800, 120, 42
13800, 13920, 120, 42
13920, 14160, 240, 46
14160, 14280, 120, 42
14280, 14400, 120, 42
14400, 14640, 240, 46
14640, 14760, 120, 42
14760, 14880, 120, 42
14880, 15120, 240, 46
15120, 15240, 120, 42
15240, 15360, 120, 42
15360, 15600, 240, 46
15600, 15720, 120, 42
15720, 15840, 120, 42
15840, 16080, 240, 46
16080, 16200, 120, 42
16200, 16320, 120, 42
16320, 16560, 240, 46
16560, 16680, 120, 42
16680, 16800, 120, 42
16800, 17040, 240, 46
17040, 17160, 120, 42
17160, 17280, 120, 42
17280, 17520, 240, 46
17520, 17640, 120, 42
17640, 17760, 120, 42
17760, 18000, 240, 46
18000, 18120, 120, 42
18120, 18240, 120, 42
18240, 18480, 240, 46
18480, 18600, 120, 42
18600, 18720, 120, 42
18720, 18960, 240, 46
18960, 19080, 120, 42
19080, 19200, 120, 42
19200, 19440, 240, 46
19440, 19560, 120, 42
19560, 19680, 120, 42
19680, 19920, 240, 46
19920, 20040, 120, 42
20040, 20160, 120, 42
20160, 20400, 240, 46
20400, 20520, 120, 42
20520, 20640, 120, 42
20640, 20880, 240, 46
20880, 21000, 120, 42
21000, 21120, 120, 42
21120, 21360, 240, 46
21360, 21480, 120, 42
21480, 21600, 120, 42
21600, 21840, 240, 46
21840, 21960, 120, 42
21960, 22080, 120, 42
22080, 22320, 240, 46
22320, 22440, 120, 42
22440, 22560, 120, 42
22560, 22800, 240, 46
22800, 22920, 120, 42
22920, 23040, 120, 42
23040, 23280, 240, 46
23280, 23400, 120, 42
23400, 23520, 120, 42
23520, 23760, 240, 46
23760, 23880, 120, 42
23880, 24000, 120, 42
24000, 24240, 240, 46
24240, 24360, 120, 42
24360, 24480, 120, 42
24480, 24720, 240, 46
24720, 24840, 120, 42
24840, 24960, 120, 42
24960, 25200, 240, 46
25200, 25320, 120, 42
25320, 25440, 120, 42
25440, 25680, 240, 46
25680, 25800, 120, 42
25800, 25920, 120, 42
25920, 26160, 240, 46
26160, 26280, 120, 42
26280, 26400, 120, 42
26400, 26640, 240, 46
26640, 26760, 120, 42
26760, 26880, 120, 42
26880, 27120, 240, 46
27120, 27240, 120, 42
27240, 27360, 120, 42
27360, 27600, 240, 46
27600, 27720, 120, 42
27720, 27840, 120, 42
27840, 28080, 240, 46
28080, 28200, 120, 42
28200, 28320, 120, 42
28320, 28560, 240, 46
28560, 28680, 120, 42
28680, 28800, 120, 42
28800, 29040, 240, 46
29040, 29160, 120, 42
29160, 29280, 120, 42
29280, 29520, 240, 46
29520, 29640, 120, 42
29640, 29760, 120, 42
29760, 30000, 240, 46
30000, 30120, 120, 42
30120, 30240, 120, 42
30240, 30480, 240, 46
30480, 30600, 120, 42
30600, 30720, 120, 42
30720, 30960, 240, 46
30960, 31080, 120, 42
31080, 31200, 120, 42
31200, 31440, 240, 46
31440, 31560, 120, 42
31560, 31680, 120, 42
31680, 31920, 240, 46
31920, 32040, 120, 42
32040, 32160, 120, 42
32160, 32400, 240, 46
32400, 32520, 120, 42
32520, 32640, 120, 42
32640, 32880, 240, 46
32880, 33000, 120, 42
33000, 33120, 120, 42
33120, 33360, 240, 46
33360, 33480, 120, 42
33480, 33600, 120, 42
33600, 33840, 240, 46
33840, 33960, 120, 42
33960, 34080, 120, 42
34080, 34320, 240, 46
34320, 34440, 120, 42
34440, 34560, 120, 42
34560, 34800, 240, 46
34800, 34920, 120, 42
34920, 35040, 120, 42
35040, 35280, 240, 46
35280, 35400, 120, 42
35400, 35520, 120, 42
35520, 35760, 240, 46
35760, 35880, 120, 42
35880, 36000, 120, 42
36000, 36240, 240, 46
36240, 36360, 120, 42
36360, 36480, 120, 42
36480, 36720, 240, 46
36720, 36840, 120, 42
36840, 36960, 120, 42
36960, 37200, 240, 46
37200, 37320, 120, 42
37320, 37440, 120, 42
37440, 37680, 240, 46
37680, 37800, 120, 42
37800, 37920, 120, 42
37920, 38160, 240, 46
38160, 38280, 120, 42
38280, 38400, 120, 42
38400, 38640, 240, 46
38640, 38760, 120, 42
38760, 38880, 120, 42
38880, 39120, 240, 46
39120, 39240, 120, 42
39240, 39360, 120, 42
39360, 39600, 240, 46
39600, 39720, 120, 42
39720, 39840, 120, 42
39840, 40080, 240, 46
40080, 40200, 120, 42
40200, 40320, 120, 42
40320, 40560, 240, 46
40560, 40680, 120, 42
40680, 40800, 120, 42
40800, 41040, 240, 46
41040, 41160, 120, 42
41160, 41280, 120, 42
41280, 41520, 240, 46
41520, 41640, 120, 42
41640, 41760, 120, 42
41760, 42000, 240, 46
42000, 42120, 120, 42
42120, 42240, 120, 42
42240, 42480, 240, 46
42480, 42600, 120, 42
42600, 42720, 120, 42
42720, 42960, 240, 46
42960, 43080, 120, 42
43080, 43200, 120, 42
43200, 43440, 240, 46
43440, 43560, 120, 42
43560, 43680, 120, 42
43680, 43920, 240, 46
43920, 44040, 120, 42
44040, 44160, 120, 42
44160, 44400, 240, 46
44400, 44520, 120, 42
44520, 44640, 120, 42
44640, 44880, 240, 46
44880, 45000, 120, 42
45000, 45120, 120, 42
45120, 45360, 240, 46
45360, 45480, 120, 42
45480, 45600, 120, 42
45600, 45840, 240, 46
45840, 45960, 120, 42
45960, 46080, 120, 42
46080, 46320, 240, 46
46320, 46440, 120, 42
46440, 46560, 120, 42
46560, 46800, 240, 46
46800, 46920, 120, 42
46920, 47040, 120, 42
47040, 47280, 240, 46
47280, 47400, 120, 42
47400, 47520, 120, 42
47520, 47760, 240, 46
47760, 47880, 120, 42
47880, 48000, 120, 42
48000, 48240, 240, 46
48240, 48360, 120, 42
48360, 48480, 120, 42
48480, 48720, 240, 46
48720, 48840, 120, 42
48840, 48960, 120, 42
48960, 49200, 240, 46
49200, 49320, 120, 42
49320, 49440, 120, 42
49440, 49680, 240, 46
49680, 49800, 120, 42
49800, 49920, 120, 42
49920, 50160, 240, 46
50160, 50280, 120, 42
50280, 50400, 120, 42
50400, 50640, 240, 46
50640, 50760, 120, 42
50760, 50880, 120, 42
50880, 51120, 240, 46
51120, 51240, 120, 42
51240, 51360, 120, 42
51360, 51600, 240, 46
51600, 51720, 120, 42
51720, 51840, 120, 42
51840, 52080, 240, 46
52080, 52200, 120, 42
52200, 52320, 120, 42
52320, 52560, 240, 46
52560, 52680, 120, 42
52680, 52800, 120, 42
52800, 53040, 240, 46
53040, 53160, 120, 42
53160, 53280, 120, 42
53280, 53520, 240, 46
53520, 53640, 120, 42
53640, 53760, 120, 42
53760, 54000, 240, 46
54000, 54120, 120, 42
54120, 54240, 120, 42
54240, 54480, 240, 46
54480, 54600, 120, 42
54600, 54720, 120, 42
54720, 54960, 240, 46
54960, 55080, 120, 42
55080, 55200, 120, 42
55200, 55440, 240, 46
55440, 55560, 120, 42
55560, 55680, 120, 42
55680, 55920, 240, 46
55920, 56040, 120, 42
56040, 56160, 120, 42
56160, 56400, 240, 46
56400, 56520, 120, 42
56520, 56640, 120, 42
56640, 56880, 240, 46
56880, 57000, 120, 42
57000, 57120, 120, 42
57120, 57360, 240, 46
57360, 57480, 120, 42
57480, 57600, 120, 42
57600, 57840, 240, 46
57840, 57960, 120, 42
57960, 58080, 120, 42
58080, 58320, 240, 46
58320, 58440, 120, 42
58440, 58560, 120, 42
58560, 58800, 240, 46
58800, 58920, 120, 42
58920, 59040, 120, 42
59040, 59280, 240, 46
59280, 59400, 120, 42
59400, 59520, 120, 42
59520, 59760, 240, 46
59760, 59880, 120, 42
59880, 60000, 120, 42
60000, 60240, 240, 46
60240, 60360, 120, 42
60360, 60480, 120, 42
60480, 60720, 240, 46
60720, 60840, 120, 42
60840, 60960, 120, 42
60960, 61200, 240, 46
61200, 61320, 120, 42
61320, 61440, 120, 42
61440, 61680, 240, 46
61680, 61800, 120, 42
61800, 61920, 120, 42
61920, 62160, 240, 46
62160, 62280, 120, 42
62280, 62400, 120, 42
62400, 62640, 240, 46
62640, 62760, 120, 42
62760, 62880, 120, 42
62880, 63120, 240, 46
63120, 63240, 120, 42
63240, 63360, 120, 42
63360, 63600, 240, 46
63600, 63720, 120, 42
63720, 63840, 120, 42
63840, 64080, 240, 46
64080, 64200, 120, 42
64200, 64320, 120, 42
64320, 64560, 240, 46
64560, 64680, 120, 42
64680, 64800, 120, 42
64800, 65040, 240, 46
65040, 65160, 120, 42
65160, 65280, 120, 42
65280, 65520, 240, 46
65520, 65640, 120, 42
65640, 65760, 120, 42
65760, 66000, 240, 46
66000, 66120, 120, 42
66120, 66240, 120, 42
66240, 66480, 240, 46
66480, 66600, 120, 42
66600, 66720, 120, 42
66720, 66960, 240, 46
66960, 67080, 120, 42
67080, 67200, 120, 42
67200, 67440, 240, 46
67440, 67560, 120, 42
67560, 67680, 120, 42
67680, 67920, 240, 46
67920, 68040, 120, 42
68040, 68160, 120, 42
68160, 68400, 240, 46
68400, 68520, 120, 42
68520, 68640, 120, 42
68640, 68880, 240, 46
68880, 69000, 120, 42
69000, 69120, 120, 42
69120, 69360, 240, 46
69360, 69480, 120, 42
69480, 69600, 120, 42
69600, 69840, 240, 46
69840, 69960, 120, 42
69960, 70080, 120, 42
70080, 70320, 240, 46
70320, 70440, 120, 42
70440, 70560, 120, 42
70560, 70800, 240, 46
70800, 70920, 120, 42
70920, 71040, 120, 42
71040, 71280, 240, 46
71280, 71400, 120, 42
71400, 71520, 120, 42
71520, 71760, 240, 46
71760, 71880, 120, 42
71880, 72000, 120, 42
72000, 72240, 240, 46
72240, 72360, 120, 42
72360, 72480, 120, 42
72480, 72720, 240, 46
72720, 72840, 120, 42
72840, 72960, 120, 42
72960, 73200, 240, 46
73200, 73320, 120, 42
73320, 73440, 120, 42
73440, 73680, 240, 46
73680, 73800, 120, 42
73800, 73920, 120, 42
73920, 74160, 240, 46
74160, 74280, 120, 42
74280, 74400, 120, 42
74400, 74640, 240, 46
74640, 74760, 120, 42
74760, 74880, 120, 42
74880, 75120, 240, 46
75120, 75240, 120, 42
75240, 75360, 120, 42
75360, 75600, 240, 46
75600, 75720, 120, 42
75720, 75840, 120, 42
75840, 76080, 240, 46
76080, 76200, 120, 42
76200, 76320, 120, 42
76320, 76560, 240, 46
76560, 76680, 120, 42
76680, 76800, 120, 42
76800, 77040, 240, 46
77040, 77160, 120, 42
77160, 77280, 120, 42
77280, 77520, 240, 46
77520, 77640, 120, 42
77640, 77760, 120, 42
77760, 78000, 240, 46
78000, 78120, 120, 42
78120, 78240, 120, 42
78240, 78480, 240, 46
78480, 78600, 120, 42
78600, 78720, 120, 42
78720, 78960, 240, 46
78960, 79080, 120, 42
79080, 79200, 120, 42
79200, 79440, 240, 46
79440, 79560, 120, 42
79560, 79680, 120, 42
79680, 79920, 240, 46
79920, 80040, 120, 42
80040, 80160, 120, 42
80160, 80400, 240, 46
80400, 80520, 120, 42
80520, 80640, 120, 42
80640, 80880, 240, 46
80880, 81000, 120, 42
81000, 81120, 120, 42
81120, 81360, 240, 46
81360, 81480, 120, 42
81480, 81600, 120, 42
81600, 81840, 240, 46
81840, 81960, 120, 42
81960, 82080, 120, 42
82080, 82320, 240, 46
82320, 82440, 120, 42
82440, 82560, 120, 42
82560, 82800, 240, 46
82800, 82920, 120, 42
82920, 83040, 120, 42
83040, 83280, 240, 46
83280, 83400, 120, 42
83400, 83520, 120, 42
83520, 83760, 240, 46
83760, 83880, 120, 42
83880, 84000, 120, 42
84000, 84240, 240, 46
84240, 84360, 120, 42
84360, 84480, 120, 42
84480, 84720, 240, 42
84720, 84960, 240, 46
84960, 85200, 240, 42
85200, 85440, 240, 42
85440, 85680, 240, 46
85680, 85920, 240, 42
85920, 86160, 240, 42
86160, 86400, 240, 46
86400, 86640, 240, 42
86640, 86880, 240, 42
86880, 87120, 240, 46
87120, 87360, 240, 42
87360, 87600, 240, 42
87600, 87840, 240, 46
87840, 88080, 240, 42
88080, 88320, 240, 42
88320, 88560, 240, 42
88560, 88800, 240, 46
88800, 89040, 240, 42
89040, 89280, 240, 42
89280, 89520, 240, 46
89520, 89760, 240, 42
89760, 90000, 240, 42
90000, 90240, 240, 46
90240, 90480, 240, 42
90480, 90720, 240, 42
90720, 90960, 240, 46
90960, 91200, 240, 42
91200, 91440, 240, 42
91440, 91680, 240, 46
91680, 91920, 240, 42
91920, 92160, 240, 42
92160, 92400, 240, 42
92400, 92640, 240, 46
92640, 92880, 240, 42
92880, 93120, 240, 42
93120, 93360, 240, 46
93360, 93600, 240, 42
93600, 93840, 240, 42
93840, 94080, 240, 46
94080, 94320, 240, 42
94320, 94560, 240, 42
94560, 94800, 240, 46
94800, 95040, 240, 42
95040, 95280, 240, 42
95280, 95520, 240, 46
95520, 95760, 240, 42
95760, 96000, 240, 42
96000, 96240, 240, 42
96240, 96480, 240, 46
96480, 96720, 240, 42
96720, 96960, 240, 42
96960, 97200, 240, 46
97200, 97440, 240, 42
97440, 97680, 240, 42
97680, 97920, 240, 46
97920, 98160, 240, 42
98160, 98400, 240, 42
98400, 98640, 240, 46
98640, 98880, 240, 42
98880, 99120, 240, 42
99120, 99360, 240, 46
99360, 99600, 240, 42
99600, 99840, 240, 42
99840, 100080, 240, 46
100080, 100200, 120, 42
100200, 100320, 120, 42
100320, 100560, 240, 46
100560, 100680, 120, 42
100680, 100800, 120, 42
100800, 101040, 240, 46
101040, 101160, 120, 42
101160, 101280, 120, 42
101280, 101520, 240, 46
101520, 101640, 120, 42
101640, 101760, 120, 42
101760, 102000, 240, 46
102000, 102120, 120, 42
102120, 102240, 120, 42
102240, 102480, 240, 46
102480, 102600, 120, 42
102600, 102720, 120, 42
102720, 102960, 240, 46
102960, 103080, 120, 42
103080, 103200, 120, 42
103200, 103440, 240, 46
103440, 103560, 120, 42
103560, 103680, 120, 42
103680, 103920, 240, 46
103920, 104040, 120, 42
104040, 104160, 120, 42
104160, 104400, 240, 46
104400, 104520, 120, 42
104520, 104640, 120, 42
104640, 104880, 240, 46
104880, 105000, 120, 42
105000, 105120, 120, 42
105120, 105360, 240, 46
105360, 105480, 120, 42
105480, 105600, 120, 42
105600, 105839, 239, 46
105840, 105959, 119, 42
105960, 106079, 119, 42
106080, 106319, 239, 46
106320, 106439, 119, 42
106440, 106559, 119, 42
106560, 106799, 239, 46
106800, 106919, 119, 42
106920, 107039, 119, 42
107040, 107279, 239, 46
107280, 107399, 119, 42
107400, 107519, 119, 42
11520, 11580, 60, 40
11640, 11700, 60, 40
11760, 11820, 60, 40
11880, 11940, 60, 40
12000, 12120, 120, 40
19200, 19260, 60, 40
19320, 19380, 60, 40
19440, 19500, 60, 40
19560, 19620, 60, 40
19680, 19800, 120, 40
20400, 20460, 60, 40
20520, 20580, 60, 40
20640, 20700, 60, 40
20760, 20820, 60, 40
20880, 21000, 120, 40
21360, 21420, 60, 40
21480, 21540, 60, 40
21600, 21660, 60, 40
21720, 21780, 60, 40
21840, 21960, 120, 40
22080, 22140, 60, 40
22200, 22260, 60, 40
22320, 22380, 60, 40
22440, 22500, 60, 40
22560, 22680, 120, 40
30720, 30840, 120, 40
30840, 30960, 120, 40
30960, 31080, 120, 40
31440, 31560, 120, 40
31560, 31680, 120, 40
31680, 31800, 120, 40
32880, 33000, 120, 40
33000, 33120, 120, 40
33120, 33240, 120, 40
33240, 33360, 120, 40
33360, 33480, 120, 40
33600, 33720, 120, 40
33720, 33840, 120, 40
33840, 33960, 120, 40
33960, 34080, 120, 40
34080, 34200, 120, 40
46080, 46200, 120, 40
46200, 46320, 120, 40
46320, 46440, 120, 40
46800, 46920, 120, 40
46920, 47040, 120, 40
47040, 47160, 120, 40
48240, 48360, 120, 40
48360, 48480, 120, 40
48480, 48600, 120, 40
48600, 48720, 120, 40
48720, 48840, 120, 40
48960, 49080, 120, 40
49080, 49200, 120, 40
49200, 49320, 120, 40
49320, 49440, 120, 40
49440, 49560, 120, 40
57120, 57240, 120, 40
57240, 57360, 120, 40
57360, 57480, 120, 40
57480, 57600, 120, 40
57600, 58080, 480, 40
64800, 64920, 120, 40
64920, 65040, 120, 40
65040, 65160, 120, 40
65160, 65280, 120, 40
65280, 65760, 480, 40
72480, 72600, 120, 40
72600, 72720, 120, 40
72720, 72840, 120, 40
72840, 72960, 120, 40
72960, 73440, 480, 40
80160, 80280, 120, 40
80280, 80400, 120, 40
80400, 80520, 120, 40
80520, 80640, 120, 40
80640, 81120, 480, 40
84480, 84720, 240, 40
84720, 84960, 240, 40
84960, 85200, 240, 40
85200, 85440, 240, 40
85440, 85680, 240, 40
85680, 85920, 240, 40
85920, 86160, 240, 40
86160, 86400, 240, 40
86400, 86640, 240, 40
86640, 86880, 240, 40
86880, 87120, 240, 40
87120, 87360, 240, 40
87360, 87600, 240, 40
87600, 87840, 240, 40
87840, 88080, 240, 40
88080, 88320, 240, 40
88320, 88560, 240, 40
88560, 88800, 240, 40
88800, 89040, 240, 40
89040, 89280, 240, 40
89280, 89520, 240, 40
89520, 89760, 240, 40
89760, 90000, 240, 40
90000, 90240, 240, 40
90240, 90480, 240, 40
90480, 90720, 240, 40
90720, 90960, 240, 40
90960, 91200, 240, 40
91200, 91440, 240, 40
91440, 91680, 240, 40
91680, 91920, 240, 40
91920, 92160, 240, 40
92160, 92400, 240, 40
92400, 92640, 240, 40
92640, 92880, 240, 40
92880, 93120, 240, 40
93120, 93360, 240, 40
93360, 93600, 240, 40
93600, 93840, 240, 40
93840, 94080, 240, 40
94080, 94320, 240, 40
94320, 94560, 240, 40
94560, 94800, 240, 40
94800, 95040, 240, 40
95040, 95280, 240, 40
95280, 95520, 240, 40
95520, 95760, 240, 40
95760, 96000, 240, 40
96000, 96240, 240, 40
96240, 96480, 240, 40
96480, 96720, 240, 40
96720, 96960, 240, 40
96960, 97200, 240, 40
97200, 97440, 240, 40
97440, 97680, 240, 40
97680, 97920, 240, 40
97920, 98160, 240, 40
98160, 98400, 240, 40
98400, 98640, 240, 40
98640, 98880, 240, 40
98880, 99120, 240, 40
99120, 99360, 240, 40
99360, 99600, 240, 40
99600, 99840, 240, 40
0, 480, 480, 36
480, 960, 480, 36
960, 1440, 480, 36
1440, 1920, 480, 36
1920, 2400, 480, 36
2400, 2880, 480, 36
2880, 3360, 480, 36
3360, 3840, 480, 36
3840, 4320, 480, 36
4320, 4800, 480, 36
4800, 5280, 480, 36
5280, 5760, 480, 36
5760, 6240, 480, 36
6240, 6720, 480, 36
6720, 7200, 480, 36
7200, 7680, 480, 36
7680, 8160, 480, 36
8160, 8640, 480, 36
8640, 9120, 480, 36
9120, 9600, 480, 36
9600, 10080, 480, 36
10080, 10560, 480, 36
10560, 11040, 480, 36
11040, 11520, 480, 36
11520, 12000, 480, 36
12000, 12480, 480, 36
12480, 12960, 480, 36
12960, 13440, 480, 36
13440, 13920, 480, 36
13920, 14400, 480, 36
14400, 14880, 480, 36
14880, 15360, 480, 36
15360, 15840, 480, 36
15840, 16320, 480, 36
16320, 16800, 480, 36
16800, 17280, 480, 36
17280, 17760, 480, 36
17760, 18240, 480, 36
18240, 18720, 480, 36
18720, 19200, 480, 36
19200, 19680, 480, 36
19680, 20160, 480, 36
20160, 20640, 480, 36
20640, 21120, 480, 36
21120, 21600, 480, 36
21600, 22080, 480, 36
22080, 22560, 480, 36
22560, 23040, 480, 36
23040, 23520, 480, 36
23520, 24000, 480, 36
24000, 24480, 480, 36
24480, 24960, 480, 36
24960, 25440, 480, 36
25440, 25920, 480, 36
25920, 26400, 480, 36
26400, 26880, 480, 36
26880, 27360, 480, 36
27360, 27840, 480, 36
27840, 28320, 480, 36
28320, 28800, 480, 36
28800, 29280, 480, 36
29280, 29760, 480, 36
29760, 30240, 480, 36
30240, 30720, 480, 36
30720, 31200, 480, 36
31200, 31680, 480, 36
31680, 32160, 480, 36
32160, 32640, 480, 36
32640, 33120, 480, 36
33120, 33600, 480, 36
33600, 34080, 480, 36
34080, 34560, 480, 36
34560, 35040, 480, 36
35040, 35520, 480, 36
35520, 36000, 480, 36
36000, 36480, 480, 36
36480, 36960, 480, 36
36960, 37440, 480, 36
37440, 37920, 480, 36
37920, 38400, 480, 36
38400, 38880, 480, 36
38880, 39360, 480, 36
39360, 39840, 480, 36
39840, 40320, 480, 36
40320, 40800, 480, 36
40800, 41280, 480, 36
41280, 41760, 480, 36
41760, 42240, 480, 36
42240, 42720, 480, 36
42720, 43200, 480, 36
43200, 43680, 480, 36
43680, 44160, 480, 36
44160, 44640, 480, 36
44640, 45120, 480, 36
45120, 45600, 480, 36
45600, 46080, 480, 36
46080, 46560, 480, 36
46560, 47040, 480, 36
47040, 47520, 480, 36
47520, 48000, 480, 36
48000, 48480, 480, 36
48480, 48960, 480, 36
48960, 49440, 480, 36
49440, 49920, 480, 36
49920, 50400, 480, 36
50400, 50880, 480, 36
50880, 51360, 480, 36
51360, 51840, 480, 36
51840, 52320, 480, 36
52320, 52800, 480, 36
52800, 53280, 480, 36
53280, 53760, 480, 36
53760, 54240, 480, 36
54240, 54720, 480, 36
54720, 55200, 480, 36
55200, 55680, 480, 36
55680, 56160, 480, 36
56160, 56640, 480, 36
56640, 57120, 480, 36
57120, 57600, 480, 36
57600, 58080, 480, 36
58080, 58560, 480, 36
58560, 59040, 480, 36
59040, 59520, 480, 36
59520, 60000, 480, 36
60000, 60480, 480, 36
60480, 60960, 480, 36
60960, 61440, 480, 36
61440, 61920, 480, 36
61920, 62400, 480, 36
62400, 62880, 480, 36
62880, 63360, 480, 36
63360, 63840, 480, 36
63840, 64320, 480, 36
64320, 64800, 480, 36
64800, 65280, 480, 36
65280, 65760, 480, 36
65760, 66240, 480, 36
66240, 66720, 480, 36
66720, 67200, 480, 36
67200, 67680, 480, 36
67680, 68160, 480, 36
68160, 68640, 480, 36
68640, 69120, 480, 36
69120, 69600, 480, 36
69600, 70080, 480, 36
70080, 70560, 480, 36
70560, 71040, 480, 36
71040, 71520, 480, 36
71520, 72000, 480, 36
72000, 72480, 480, 36
72480, 72960, 480, 36
72960, 73440, 480, 36
73440, 73920, 480, 36
73920, 74400, 480, 36
74400, 74880, 480, 36
74880, 75360, 480, 36
75360, 75840, 480, 36
75840, 76320, 480, 36
76320, 76800, 480, 36
76800, 77280, 480, 36
77280, 77760, 480, 36
77760, 78240, 480, 36
78240, 78720, 480, 36
78720, 79200, 480, 36
79200, 79680, 480, 36
79680, 80160, 480, 36
80160, 80640, 480, 36
80640, 81120, 480, 36
81120, 81600, 480, 36
81600, 82080, 480, 36
82080, 82560, 480, 36
82560, 83040, 480, 36
83040, 83520, 480, 36
83520, 84000, 480, 36
84000, 84480, 480, 36
84480, 84960, 480, 36
84960, 85440, 480, 36
85440, 85920, 480, 36
85920, 86400, 480, 36
86400, 86880, 480, 36
86880, 87360, 480, 36
87360, 87840, 480, 36
87840, 88320, 480, 36
88320, 88800, 480, 36
88800, 89280, 480, 36
89280, 89760, 480, 36
89760, 90240, 480, 36
90240, 90720, 480, 36
90720, 91200, 480, 36
91200, 91680, 480, 36
91680, 92160, 480, 36
92160, 92640, 480, 36
92640, 93120, 480, 36
93120, 93600, 480, 36
93600, 94080, 480, 36
94080, 94560, 480, 36
94560, 95040, 480, 36
95040, 95520, 480, 36
95520, 96000, 480, 36
96000, 96480, 480, 36
96480, 96960, 480, 36
96960, 97440, 480, 36
97440, 97920, 480, 36
97920, 98400, 480, 36
98400, 98880, 480, 36
98880, 99360, 480, 36
99360, 99840, 480, 36
99840, 100320, 480, 36
100320, 100800, 480, 36
100800, 101280, 480, 36
101280, 101760, 480, 36
101760, 102240, 480, 36
102240, 102720, 480, 36
102720, 103200, 480, 36
103200, 103680, 480, 36
103680, 104160, 480, 36
104160, 104640, 480, 36
104640, 105120, 480, 36
105120, 105600, 480, 36
105600, 106079, 479, 36
106080, 106559, 479, 36
106560, 107039, 479, 36
107040, 107519, 479, 36
12960, 13200, 240, 53
13200, 13680, 480, 50
13680, 13920, 240, 50
13920, 14400, 480, 45
14400, 14880, 480, 53
14880, 15360, 480, 50
34800, 35040, 240, 50
35040, 35280, 240, 50
35280, 35520, 240, 50
35520, 35760, 240, 50
35760, 36000, 240, 50
36000, 36240, 240, 50
36240, 36480, 240, 50
36480, 36960, 480, 50
36960, 37440, 480, 45
37440, 37920, 480, 50
37920, 38400, 480, 45
49920, 50400, 480, 48
50400, 50640, 240, 48
50640, 51120, 480, 43
51120, 51360, 240, 43
51360, 52080, 720, 48
52080, 52560, 480, 48
52560, 52800, 240, 48
52800, 53280, 480, 43
53280, 53760, 480, 48
59520, 60480, 960, 52
60480, 61440, 960, 45
61440, 63360, 1920, 52
67440, 67680, 240, 43
67680, 67920, 240, 43
67920, 68160, 240, 43
68160, 68400, 240, 43
68400, 68640, 240, 43
68640, 68880, 240, 43
68880, 69120, 240, 43
69120, 71040, 1920, 43
74880, 75840, 960, 50
75840, 76800, 960, 43
76800, 78720, 1920, 50
82800, 83040, 240, 50
83040, 83280, 240, 50
83280, 83520, 240, 50
83520, 83760, 240, 50
83760, 84000, 240, 50
84000, 84240, 240, 50
84240, 84480, 240, 50
84480, 86400, 1920, 53
91680, 91800, 120, 53
91800, 91920, 120, 53
91920, 92040, 120, 53
92040, 92160, 120, 53
92160, 94080, 1920, 53
99360, 99480, 120, 48
99480, 99600, 120, 48
99600, 99720, 120, 48
99720, 99840, 120, 48
99840, 101760, 1920, 48
11520, 11580, 60, 57
11520, 11580, 60, 69
11520, 11580, 60, 65
11520, 11580, 60, 64
11640, 11700, 60, 57
11640, 11700, 60, 69
11640, 11700, 60, 65
11640, 11700, 60, 64
11760, 11820, 60, 57
11760, 11820, 60, 69
11760, 11820, 60, 65
11760, 11820, 60, 64
11880, 11940, 60, 57
11880, 11940, 60, 69
11880, 11940, 60, 65
11880, 11940, 60, 64
12000, 12120, 120, 57
12000, 12120, 120, 69
12000, 12120, 120, 65
12000, 12120, 120, 64
19200, 19260, 60, 57
19200, 19260, 60, 69
19200, 19260, 60, 65
19200, 19260, 60, 64
19320, 19380, 60, 57
19320, 19380, 60, 69
19320, 19380, 60, 65
19320, 19380, 60, 64
19440, 19500, 60, 57
19440, 19500, 60, 69
19440, 19500, 60, 65
19440, 19500, 60, 64
19560, 19620, 60, 57
19560, 19620, 60, 69
19560, 19620, 60, 65
19560, 19620, 60, 64
19680, 19800, 120, 57
19680, 19800, 120, 69
19680, 19800, 120, 65
19680, 19800, 120, 64
20400, 20460, 60, 57
20400, 20460, 60, 69
20400, 20460, 60, 65
20400, 20460, 60, 64
20520, 20580, 60, 57
20520, 20580, 60, 69
20520, 20580, 60, 65
20520, 20580, 60, 64
20640, 20700, 60, 57
20640, 20700, 60, 69
20640, 20700, 60, 65
20640, 20700, 60, 64
20760, 20820, 60, 57
20760, 20820, 60, 69
20760, 20820, 60, 65
20760, 20820, 60, 64
20880, 21000, 120, 57
20880, 21000, 120, 69
20880, 21000, 120, 65
20880, 21000, 120, 64
21360, 21420, 60, 57
21360, 21420, 60, 69
21360, 21420, 60, 65
21360, 21420, 60, 64
21480, 21540, 60, 57
21480, 21540, 60, 69
21480, 21540, 60, 65
21480, 21540, 60, 64
21600, 21660, 60, 57
21600, 21660, 60, 69
21600, 21660, 60, 65
21600, 21660, 60, 64
21720, 21780, 60, 57
21720, 21780, 60, 69
21720, 21780, 60, 65
21720, 21780, 60, 64
21840, 21960, 120, 57
21840, 21960, 120, 69
21840, 21960, 120, 65
21840, 21960, 120, 64
22080, 22140, 60, 57
22080, 22140, 60, 69
22080, 22140, 60, 65
22080, 22140, 60, 64
22200, 22260, 60, 57
22200, 22260, 60, 69
22200, 22260, 60, 65
22200, 22260, 60, 64
22320, 22380, 60, 57
22320, 22380, 60, 69
22320, 22380, 60, 65
22320, 22380, 60, 64
22440, 22500, 60, 57
22440, 22500, 60, 69
22440, 22500, 60, 65
22440, 22500, 60, 64
22560, 22680, 120, 57
22560, 22680, 120, 69
22560, 22680, 120, 65
22560, 22680, 120, 64
30720, 30780, 60, 57
30720, 30780, 60, 62
30720, 30780, 60, 65
30840, 30900, 60, 57
30840, 30900, 60, 62
30840, 30900, 60, 65
30960, 31020, 60, 57
30960, 31020, 60, 62
30960, 31020, 60, 65
31440, 31500, 60, 57
31440, 31500, 60, 62
31440, 31500, 60, 65
31560, 31620, 60, 57
31560, 31620, 60, 62
31560, 31620, 60, 65
31680, 31740, 60, 57
31680, 31740, 60, 62
31680, 31740, 60, 65
32880, 32940, 60, 57
32880, 32940, 60, 62
32880, 32940, 60, 65
33000, 33060, 60, 57
33000, 33060, 60, 62
33000, 33060, 60, 65
33120, 33180, 60, 57
33120, 33180, 60, 62
33120, 33180, 60, 65
33240, 33300, 60, 57
33240, 33300, 60, 62
33240, 33300, 60, 65
33360, 33420, 60, 57
33360, 33420, 60, 62
33360, 33420, 60, 65
33600, 33660, 60, 57
33600, 33660, 60, 62
33600, 33660, 60, 65
33720, 33780, 60, 57
33720, 33780, 60, 62
33720, 33780, 60, 65
33840, 33900, 60, 57
33840, 33900, 60, 62
33840, 33900, 60, 65
33960, 34020, 60, 57
33960, 34020, 60, 62
33960, 34020, 60, 65
34080, 34140, 60, 57
34080, 34140, 60, 62
34080, 34140, 60, 65
46080, 46140, 60, 62
46080, 46140, 60, 63
46080, 46140, 60, 67
46200, 46260, 60, 62
46200, 46260, 60, 63
46200, 46260, 60, 67
46320, 46380, 60, 62
46320, 46380, 60, 63
46320, 46380, 60, 67
46800, 46860, 60, 62
46800, 46860, 60, 63
46800, 46860, 60, 67
46920, 46980, 60, 62
46920, 46980, 60, 63
46920, 46980, 60, 67
47040, 47100, 60, 62
47040, 47100, 60, 63
47040, 47100, 60, 67
48240, 48300, 60, 62
48240, 48300, 60, 63
48240, 48300, 60, 67
48360, 48420, 60, 62
48360, 48420, 60, 63
48360, 48420, 60, 67
48480, 48540, 60, 62
48480, 48540, 60, 63
48480, 48540, 60, 67
48600, 48660, 60, 62
48600, 48660, 60, 63
48600, 48660, 60, 67
48720, 48780, 60, 62
48720, 48780, 60, 63
48720, 48780, 60, 67
48960, 49020, 60, 62
48960, 49020, 60, 63
48960, 49020, 60, 67
49080, 49140, 60, 62
49080, 49140, 60, 63
49080, 49140, 60, 67
49200, 49260, 60, 62
49200, 49260, 60, 63
49200, 49260, 60, 67
49320, 49380, 60, 62
49320, 49380, 60, 63
49320, 49380, 60, 67
49440, 49500, 60, 62
49440, 49500, 60, 63
49440, 49500, 60, 67
84000, 84120, 120, 62
84120, 84240, 120, 64
84240, 84360, 120, 65
84360, 84480, 120, 67
84480, 86880, 2400, 69
86880, 87120, 240, 65
87120, 87360, 240, 67
87360, 87840, 480, 69
87840, 88320, 480, 72
88320, 88800, 480, 71
88800, 89040, 240, 69
89040, 92160, 3120, 67
92160, 94560, 2400, 72
94560, 94800, 240, 68
94800, 95040, 240, 70
95040, 95520, 480, 72
95520, 96000, 480, 75
96000, 96480, 480, 74
96480, 96720, 240, 72
96720, 98880, 2160, 70
98880, 99840, 960, 70
99840, 103680, 3840, 72
23040, 24480, 1440, 62
24480, 24960, 480, 64
24960, 26880, 1920, 65
27840, 28320, 480, 62
28320, 28800, 480, 64
28800, 29760, 960, 65
29760, 30720, 960, 67
30720, 34560, 3840, 69
38400, 39840, 1440, 65
39840, 40320, 480, 67
40320, 42240, 1920, 68
43200, 43680, 480, 65
43680, 44160, 480, 67
44160, 45120, 960, 68
45120, 46080, 960, 70
46080, 49920, 3840, 72
53760, 55200, 1440, 72
55200, 55680, 480, 71
55680, 57600, 1920, 69
58080, 58560, 480, 72
58560, 59040, 480, 71
59040, 59520, 480, 69
59520, 60480, 960, 60
60480, 61440, 960, 62
61440, 65280, 3840, 64
69120, 70560, 1440, 70
70560, 71040, 480, 69
71040, 72960, 1920, 67
73440, 73920, 480, 70
73920, 74400, 480, 69
74400, 74880, 480, 67
74880, 75840, 960, 58
75840, 76800, 960, 60
76800, 80640, 3840, 62
53760, 55200, 1440, 64
55200, 55680, 480, 64
55680, 59520, 3840, 64
61440, 62880, 1440, 64
62880, 63360, 480, 64
63360, 67200, 3840, 64
69120, 70560, 1440, 62
70560, 71040, 480, 62
71040, 74880, 3840, 62
76800, 78240, 1440, 62
78240, 78720, 480, 62
78720, 82560, 3840, 62
53760, 55200, 1440, 57
55200, 55680, 480, 59
55680, 59520, 3840, 60
61440, 62880, 1440, 59
62880, 63360, 480, 57
63360, 67200, 3840, 55
69120, 70560, 1440, 55
70560, 71040, 480, 57
71040, 74880, 3840, 58
76800, 78240, 1440, 57
78240, 78720, 480, 55
78720, 82560, 3840, 53
23040, 24480, 1440, 62
24480, 24960, 480, 64
24960, 26880, 1920, 65
27840, 28320, 480, 62
28320, 28800, 480, 64
28800, 29760, 960, 65
29760, 30720, 960, 67
30720, 34560, 3840, 69
38400, 39840, 1440, 65
39840, 40320, 480, 67
40320, 42240, 1920, 68
43200, 43680, 480, 65
43680, 44160, 480, 67
44160, 45120, 960, 68
45120, 46080, 960, 70
46080, 49920, 3840, 72
53760, 55200, 1440, 72
55200, 55680, 480, 71
55680, 57600, 1920, 69
58080, 58560, 480, 72
58560, 59040, 480, 71
59040, 59520, 480, 69
59520, 60480, 960, 60
60480, 61440, 960, 62
61440, 65280, 3840, 64
69120, 70560, 1440, 70
70560, 71040, 480, 69
71040, 72960, 1920, 67
73440, 73920, 480, 70
73920, 74400, 480, 69
74400, 74880, 480, 67
74880, 75840, 960, 58
75840, 76800, 960, 60
76800, 80640, 3840, 62
7680, 11520, 3840, 68
15360, 17280, 1920, 68
17280, 19200, 1920, 74
84480, 86400, 1920, 69
86400, 88320, 1920, 72
88320, 90240, 1920, 71
90240, 92160, 1920, 74
92160, 94080, 1920, 72
94080, 96000, 1920, 75
96000, 97920, 1920, 74
97920, 99840, 1920, 77
7680, 11520, 3840, 64
15360, 19200, 3840, 64
84480, 88320, 3840, 65
88320, 92160, 3840, 67
92160, 96000, 3840, 68
96000, 99840, 3840, 70
7680, 11520, 3840, 62
15360, 19200, 3840, 62
84480, 86400, 1920, 60
86400, 88320, 1920, 64
88320, 90240, 1920, 62
90240, 92160, 1920, 65
92160, 94080, 1920, 63
94080, 96000, 1920, 67
96000, 97920, 1920, 65
97920, 99840, 1920, 69
7680, 11520, 3840, 58
15360, 19200, 3840, 58
