3084, 3096, 12, 55
3456, 3468, 12, 53
3712, 3724, 12, 51
3840, 3852, 12, 55
4224, 4236, 12, 53
4480, 4492, 12, 51
4612, 4624, 12, 55
4992, 5004, 12, 53
5248, 5260, 12, 51
5376, 5388, 12, 55
5760, 5772, 12, 53
6016, 6028, 12, 51
6148, 6160, 12, 55
6528, 6540, 12, 53
6784, 6796, 12, 51
6912, 6924, 12, 55
7296, 7308, 12, 53
7552, 7564, 12, 51
7680, 7692, 12, 55
8064, 8076, 12, 53
8320, 8332, 12, 51
8448, 8460, 12, 55
8832, 8844, 12, 53
9084, 9096, 12, 51
9216, 9228, 12, 55
9600, 9612, 12, 53
9856, 9868, 12, 51
9980, 9992, 12, 55
10368, 10380, 12, 53
10620, 10632, 12, 51
10752, 10764, 12, 55
11136, 11148, 12, 53
11392, 11404, 12, 51
11524, 11536, 12, 55
11904, 11916, 12, 53
12160, 12172, 12, 51
12288, 12300, 12, 55
12672, 12684, 12, 53
12928, 12940, 12, 51
13060, 13072, 12, 55
13440, 13452, 12, 53
13696, 13708, 12, 51
13824, 13836, 12, 55
14208, 14220, 12, 53
14464, 14476, 12, 51
14592, 14604, 12, 55
14976, 14988, 12, 53
15228, 15240, 12, 51
15364, 15376, 12, 55
15492, 15504, 12, 57
15532, 15544, 12, 54
15544, 15556, 12, 56
15564, 15576, 12, 50
15576, 15588, 12, 54
15592, 15604, 12, 52
15604, 15616, 12, 49
15744, 15756, 12, 53
15996, 16008, 12, 45
16000, 16012, 12, 51
16120, 16132, 12, 57
16124, 16136, 12, 55
16248, 16260, 12, 56
16376, 16388, 12, 54
16512, 16524, 12, 53
16516, 16528, 12, 54
16700, 16712, 12, 52
16740, 16752, 12, 52
16764, 16776, 12, 51
16772, 16784, 12, 50
16892, 16904, 12, 55
16896, 16908, 12, 61
16896, 16908, 12, 45
17272, 17284, 12, 49
17280, 17292, 12, 53
17536, 17548, 12, 45
17536, 17548, 12, 51
17656, 17668, 12, 45
17668, 17680, 12, 55
18044, 18056, 12, 49
18048, 18060, 12, 53
18304, 18316, 12, 51
18304, 18316, 12, 45
18436, 18448, 12, 55
18584, 18596, 12, 49
18624, 18636, 12, 49
18684, 18696, 12, 45
18688, 18700, 12, 49
18816, 18828, 12, 53
18820, 18832, 12, 49
19068, 19080, 12, 51
19072, 19084, 12, 45
19192, 19204, 12, 45
19196, 19208, 12, 55
19576, 19588, 12, 49
19584, 19596, 12, 53
19712, 19724, 12, 45
19840, 19852, 12, 45
19840, 19852, 12, 51
19964, 19976, 12, 55
19980, 19992, 12, 45
20348, 20360, 12, 49
20352, 20364, 12, 53
20608, 20620, 12, 51
20612, 20624, 12, 45
20732, 20744, 12, 45
20740, 20752, 12, 55
21024, 21036, 12, 57
21056, 21068, 12, 56
21092, 21104, 12, 54
21112, 21124, 12, 45
21120, 21132, 12, 53
21372, 21384, 12, 47
21376, 21388, 12, 55
21756, 21768, 12, 51
21768, 21780, 12, 45
21884, 21896, 12, 49
21888, 21900, 12, 53
22012, 22024, 12, 57
22124, 22136, 12, 45
22140, 22152, 12, 51
22264, 22276, 12, 45
22272, 22284, 12, 55
22648, 22660, 12, 49
22656, 22668, 12, 53
22908, 22920, 12, 51
22908, 22920, 12, 45
23032, 23044, 12, 45
23036, 23048, 12, 55
23416, 23428, 12, 49
23424, 23436, 12, 53
23676, 23688, 12, 45
23680, 23692, 12, 51
23800, 23812, 12, 45
23812, 23824, 12, 55
24044, 24056, 12, 57
24096, 24108, 12, 56
24144, 24156, 12, 54
24184, 24196, 12, 45
24192, 24204, 12, 53
24444, 24456, 12, 47
24448, 24460, 12, 58
24728, 24740, 12, 49
24768, 24780, 12, 49
24828, 24840, 12, 51
24832, 24844, 12, 45
24832, 24844, 12, 49
24960, 24972, 12, 53
24960, 24972, 12, 49
25084, 25096, 12, 45
25212, 25224, 12, 45
25212, 25224, 12, 51
25344, 25356, 12, 45
25344, 25356, 12, 55
25724, 25736, 12, 49
25728, 25740, 12, 53
25980, 25992, 12, 51
25992, 26004, 12, 45
26112, 26124, 12, 55
26116, 26128, 12, 45
26492, 26504, 12, 49
26496, 26508, 12, 53
26628, 26640, 12, 45
26752, 26764, 12, 51
26756, 26768, 12, 45
26884, 26896, 12, 55
26884, 26896, 12, 45
27168, 27180, 12, 57
27216, 27228, 12, 54
27256, 27268, 12, 49
27264, 27276, 12, 53
27524, 27536, 12, 58
27524, 27536, 12, 45
27900, 27912, 12, 53
27900, 27912, 12, 45
28028, 28040, 12, 45
28032, 28044, 12, 53
28156, 28168, 12, 47
28284, 28296, 12, 47
28412, 28424, 12, 54
28544, 28556, 12, 49
28668, 28680, 12, 49
28796, 28808, 12, 52
28800, 28812, 12, 53
28928, 28940, 12, 49
29048, 29060, 12, 49
29120, 29132, 12, 49
29184, 29196, 12, 66
29184, 29196, 12, 45
29188, 29200, 12, 55
29564, 29576, 12, 49
29568, 29580, 12, 60
29568, 29580, 12, 53
29824, 29836, 12, 60
29952, 29964, 12, 60
30208, 30220, 12, 49
30336, 30348, 12, 60
30336, 30348, 12, 53
30588, 30600, 12, 45
30716, 30728, 12, 60
30716, 30728, 12, 45
30972, 30984, 12, 55
31100, 31112, 12, 60
31100, 31112, 12, 49
31104, 31116, 12, 53
31356, 31368, 12, 60
31484, 31496, 12, 60
31740, 31752, 12, 49
31868, 31880, 12, 58
31868, 31880, 12, 49
31872, 31884, 12, 53
32120, 32132, 12, 61
32124, 32136, 12, 49
32508, 32520, 12, 55
32632, 32644, 12, 49
32636, 32648, 12, 60
32640, 32652, 12, 53
32892, 32904, 12, 60
33020, 33032, 12, 60
33276, 33288, 12, 49
33404, 33416, 12, 60
33408, 33420, 12, 53
33656, 33668, 12, 45
33668, 33680, 12, 55
33784, 33796, 12, 45
33788, 33800, 12, 60
34172, 34184, 12, 60
34172, 34184, 12, 49
34176, 34188, 12, 53
34432, 34444, 12, 60
34560, 34572, 12, 60
34816, 34828, 12, 49
34944, 34956, 12, 64
34944, 34956, 12, 53
34944, 34956, 12, 49
35196, 35208, 12, 58
35196, 35208, 12, 49
35584, 35596, 12, 55
35588, 35600, 12, 49
35712, 35724, 12, 60
35712, 35724, 12, 53
35840, 35852, 12, 49
35964, 35976, 12, 49
36092, 36104, 12, 60
36220, 36232, 12, 49
36352, 36364, 12, 49
36480, 36492, 12, 60
36480, 36492, 12, 53
36608, 36620, 12, 49
36732, 36744, 12, 49
36860, 36872, 12, 45
36864, 36876, 12, 60
37116, 37128, 12, 55
37248, 37260, 12, 60
37248, 37260, 12, 53
37248, 37260, 12, 50
37248, 37260, 12, 49
37504, 37516, 12, 60
37632, 37644, 12, 60
37884, 37896, 12, 49
38012, 38024, 12, 58
38012, 38024, 12, 49
38016, 38028, 12, 53
38264, 38276, 12, 64
38268, 38280, 12, 45
38652, 38664, 12, 55
38780, 38792, 12, 60
38780, 38792, 12, 49
38784, 38796, 12, 53
39040, 39052, 12, 60
39168, 39180, 12, 60
39420, 39432, 12, 49
39548, 39560, 12, 60
39548, 39560, 12, 49
39552, 39564, 12, 53
39804, 39816, 12, 66
39804, 39816, 12, 45
39808, 39820, 12, 51
40300, 40312, 12, 56
40320, 40332, 12, 57
40320, 40332, 12, 53
40448, 40460, 12, 57
40572, 40584, 12, 51
40576, 40588, 12, 57
40696, 40708, 12, 55
40700, 40712, 12, 56
40828, 40840, 12, 56
40956, 40968, 12, 56
41088, 41100, 12, 54
41088, 41100, 12, 53
41272, 41284, 12, 52
41312, 41324, 12, 52
41340, 41352, 12, 51
41348, 41360, 12, 50
41468, 41480, 12, 55
41472, 41484, 12, 66
41472, 41484, 12, 50
41472, 41484, 12, 45
41832, 41844, 12, 49
41856, 41868, 12, 60
41856, 41868, 12, 53
41856, 41868, 12, 49
42108, 42120, 12, 45
42112, 42124, 12, 51
42236, 42248, 12, 58
42236, 42248, 12, 45
42240, 42252, 12, 55
42600, 42612, 12, 49
42620, 42632, 12, 49
42624, 42636, 12, 53
42872, 42884, 12, 61
42872, 42884, 12, 45
42876, 42888, 12, 51
43008, 43020, 12, 55
43160, 43164, 4, 49
43164, 43172, 8, 49
43200, 43212, 12, 49
43260, 43272, 12, 49
43260, 43272, 12, 45
43388, 43400, 12, 49
43392, 43404, 12, 60
43392, 43404, 12, 53
43644, 43656, 12, 51
43648, 43660, 12, 45
43648, 43660, 12, 60
43768, 43780, 12, 45
43772, 43784, 12, 55
43776, 43788, 12, 60
44152, 44164, 12, 49
44160, 44172, 12, 60
44160, 44172, 12, 53
44288, 44300, 12, 45
44412, 44424, 12, 60
44412, 44424, 12, 51
44416, 44428, 12, 45
44540, 44552, 12, 60
44540, 44552, 12, 55
44556, 44568, 12, 45
44924, 44936, 12, 49
44928, 44940, 12, 60
44928, 44940, 12, 53
45180, 45192, 12, 45
45184, 45196, 12, 51
45308, 45320, 12, 45
45312, 45324, 12, 58
45316, 45328, 12, 55
45600, 45612, 12, 57
45632, 45644, 12, 56
45668, 45680, 12, 54
45688, 45700, 12, 49
45948, 45960, 12, 47
45948, 45960, 12, 61
45948, 45960, 12, 51
45948, 45960, 12, 49
46080, 46092, 12, 55
46344, 46356, 12, 45
46464, 46476, 12, 53
46468, 46480, 12, 60
46592, 46604, 12, 49
46720, 46732, 12, 51
46720, 46732, 12, 49
46840, 46852, 12, 45
46844, 46856, 12, 55
46848, 46860, 12, 60
46976, 46988, 12, 49
47100, 47112, 12, 60
47228, 47240, 12, 49
47232, 47244, 12, 53
47360, 47372, 12, 45
47484, 47496, 12, 51
47484, 47496, 12, 49
47612, 47624, 12, 60
47612, 47624, 12, 45
47616, 47628, 12, 55
47740, 47752, 12, 49
47868, 47880, 12, 49
47996, 48008, 12, 60
47996, 48008, 12, 49
48000, 48012, 12, 53
48252, 48264, 12, 51
48380, 48392, 12, 58
48380, 48392, 12, 45
48384, 48396, 12, 55
48760, 48772, 12, 45
48768, 48780, 12, 53
49016, 49028, 12, 49
49020, 49032, 12, 45
49024, 49036, 12, 61
49160, 49172, 12, 55
49300, 49312, 12, 49
49344, 49356, 12, 49
49404, 49416, 12, 49
49408, 49420, 12, 45
49536, 49548, 12, 60
49536, 49548, 12, 53
49536, 49548, 12, 49
49792, 49804, 12, 51
49792, 49804, 12, 49
49920, 49932, 12, 60
49920, 49932, 12, 55
50172, 50184, 12, 49
50304, 50316, 12, 60
50304, 50316, 12, 53
50556, 50568, 12, 45
50560, 50572, 12, 51
50684, 50696, 12, 60
50684, 50696, 12, 55
50684, 50696, 12, 45
51068, 51080, 12, 58
51068, 51080, 12, 49
51072, 51084, 12, 53
51324, 51336, 12, 51
51324, 51336, 12, 45
51452, 51464, 12, 64
51452, 51464, 12, 55
51452, 51464, 12, 45
51840, 51852, 12, 53
52092, 52104, 12, 61
52092, 52104, 12, 49
52096, 52108, 12, 51
52228, 52240, 12, 55
52608, 52620, 12, 60
52608, 52620, 12, 53
52736, 52748, 12, 60
52864, 52876, 12, 60
52864, 52876, 12, 51
52992, 53004, 12, 60
52996, 53008, 12, 55
53248, 53260, 12, 60
53376, 53388, 12, 60
53376, 53388, 12, 53
53628, 53640, 12, 60
53628, 53640, 12, 51
53756, 53768, 12, 60
53756, 53768, 12, 55
54140, 54152, 12, 60
54144, 54156, 12, 53
54396, 54408, 12, 51
54524, 54536, 12, 55
54528, 54540, 12, 60
54656, 54668, 12, 60
54784, 54796, 12, 60
54912, 54924, 12, 60
54912, 54924, 12, 53
55168, 55180, 12, 60
55168, 55180, 12, 51
55300, 55312, 12, 55
55680, 55692, 12, 53
55700, 55712, 12, 57
55872, 55884, 12, 57
56064, 56076, 12, 56
56252, 56264, 12, 56
56452, 56464, 12, 54
56540, 56552, 12, 54
56640, 56652, 12, 52
56728, 56740, 12, 50
56828, 56840, 12, 50
57200, 57212, 12, 50
57580, 57592, 12, 45
57584, 57596, 12, 58
57896, 57908, 12, 49
57920, 57932, 12, 49
57952, 57964, 12, 49
57976, 57988, 12, 49
58036, 58048, 12, 49
58108, 58120, 12, 49
58172, 58184, 12, 49
58220, 58232, 12, 49
58272, 58284, 12, 49
58312, 58324, 12, 49
58360, 58372, 12, 49
58368, 58380, 12, 64
58368, 58380, 12, 61
58368, 58380, 12, 45
58392, 58404, 12, 49
58432, 58444, 12, 49
58464, 58476, 12, 49
58508, 58520, 12, 49
58544, 58556, 12, 49
58576, 58588, 12, 49
58604, 58616, 12, 49
58636, 58648, 12, 49
58672, 58684, 12, 49
58716, 58728, 12, 49
58764, 58776, 12, 49
58824, 58836, 12, 49
58872, 58884, 12, 49
58928, 58940, 12, 52
58968, 58980, 12, 52
58996, 59008, 12, 52
59028, 59040, 12, 52
59060, 59072, 12, 52
59100, 59112, 12, 52
59152, 59164, 12, 50
59196, 59208, 12, 50
59248, 59260, 12, 50
59300, 59312, 12, 50
59356, 59368, 12, 50
59428, 59440, 12, 50
59644, 59656, 12, 45
59648, 59660, 12, 58
59684, 59696, 12, 58
59684, 59696, 12, 45
3328, 3672, 344, 45
3712, 3836, 124, 33
3840, 4060, 220, 48
4096, 4196, 100, 48
4224, 4476, 252, 45
4480, 4588, 108, 40
4608, 4944, 336, 43
4992, 5116, 124, 45
5344, 6004, 660, 38
6012, 6196, 184, 33
6400, 6744, 344, 45
6784, 6908, 124, 33
6912, 7232, 320, 48
7296, 7548, 252, 50
7680, 7932, 252, 50
7936, 8044, 108, 48
8064, 8188, 124, 45
8460, 9076, 616, 38
9080, 9264, 184, 33
9472, 9648, 176, 45
9728, 9848, 120, 40
9856, 9980, 124, 33
9984, 10304, 320, 52
10368, 10620, 252, 55
10752, 11004, 252, 50
11008, 11116, 108, 48
11136, 11440, 304, 45
11524, 12156, 632, 38
12160, 12276, 116, 33
12544, 12792, 248, 45
12800, 12860, 60, 40
12864, 12924, 60, 36
12928, 13052, 124, 33
13056, 13276, 220, 36
13312, 13412, 100, 36
13440, 13692, 252, 33
13696, 13804, 108, 28
13824, 14160, 336, 31
14208, 14332, 124, 33
14588, 14948, 360, 38
14968, 15220, 252, 36
15228, 15336, 108, 33
15616, 15716, 100, 45
16000, 16124, 124, 33
16128, 16348, 220, 48
16384, 16484, 100, 48
16512, 16764, 252, 45
16768, 16876, 108, 40
16896, 17232, 336, 43
17280, 17404, 124, 45
17648, 18268, 620, 38
18292, 18400, 108, 33
18688, 19032, 344, 45
19072, 19196, 124, 33
19200, 19520, 320, 48
19584, 19836, 252, 50
19968, 20220, 252, 50
20224, 20332, 108, 48
20352, 20476, 124, 45
20728, 21096, 368, 38
21120, 21312, 192, 36
21372, 21492, 120, 33
21760, 21936, 176, 45
22016, 22136, 120, 40
22144, 22268, 124, 33
22272, 22592, 320, 52
22656, 22908, 252, 55
23040, 23292, 252, 50
23296, 23404, 108, 48
23424, 23728, 304, 45
23804, 24060, 256, 38
24064, 24184, 120, 36
24188, 24448, 260, 33
24448, 24596, 148, 33
24832, 25080, 248, 45
25088, 25148, 60, 40
25152, 25212, 60, 36
25216, 25340, 124, 33
25344, 25564, 220, 36
25600, 25700, 100, 36
25728, 25980, 252, 33
25984, 26092, 108, 28
26112, 26448, 336, 31
26496, 26620, 124, 33
26880, 27248, 368, 38
27264, 27516, 252, 36
27540, 27724, 184, 33
27900, 28028, 128, 45
28028, 28404, 376, 43
28404, 28788, 384, 42
28788, 29176, 388, 40
29180, 29568, 388, 38
29568, 29932, 364, 33
29948, 30336, 388, 36
30340, 30676, 336, 31
30712, 31076, 364, 35
31100, 31480, 380, 42
31480, 31868, 388, 40
31868, 32120, 252, 35
32120, 32488, 368, 33
32504, 32628, 124, 45
32628, 33004, 376, 40
33008, 33388, 380, 36
33392, 33784, 392, 35
33784, 34172, 388, 33
34172, 34500, 328, 45
34556, 34884, 328, 40
34964, 35320, 356, 33
35340, 35708, 368, 38
35708, 36084, 376, 33
36088, 36452, 364, 37
36476, 36824, 348, 37
36864, 37236, 372, 36
37240, 37608, 368, 31
37628, 38004, 376, 28
38008, 38232, 224, 31
38268, 38780, 512, 29
38780, 39016, 236, 31
39160, 39388, 228, 33
39544, 39672, 128, 36
39680, 39740, 60, 31
39748, 39804, 56, 30
39808, 40064, 256, 28
40192, 40536, 344, 40
40576, 40700, 124, 45
40704, 40924, 220, 48
40960, 41060, 100, 48
41088, 41340, 252, 45
41344, 41452, 108, 40
41472, 41808, 336, 43
41856, 41980, 124, 45
42248, 42856, 608, 38
42872, 42980, 108, 33
43264, 43608, 344, 45
43648, 43772, 124, 33
43776, 44096, 320, 48
44160, 44412, 252, 50
44544, 44796, 252, 50
44800, 44908, 108, 48
44928, 45052, 124, 45
45316, 45668, 352, 38
45712, 45948, 236, 36
45952, 46080, 128, 33
46336, 46512, 176, 45
46592, 46712, 120, 40
46720, 46844, 124, 33
46848, 47168, 320, 52
47232, 47484, 252, 55
47616, 47868, 252, 50
47872, 47980, 108, 48
48000, 48304, 304, 45
48380, 48672, 292, 38
48676, 48808, 132, 36
48808, 49000, 192, 33
49028, 49224, 196, 33
49408, 49656, 248, 45
49664, 49724, 60, 40
49728, 49788, 60, 36
49792, 49916, 124, 33
49920, 50140, 220, 36
50176, 50276, 100, 36
50304, 50556, 252, 33
50560, 50668, 108, 28
50688, 51024, 336, 31
51072, 51196, 124, 33
51456, 51820, 364, 38
51832, 52060, 228, 36
52092, 52192, 100, 33
52480, 52824, 344, 45
52864, 52988, 124, 33
52992, 53212, 220, 48
53248, 53348, 100, 48
53376, 53628, 252, 45
53632, 53740, 108, 40
53760, 54096, 336, 43
54144, 54268, 124, 45
54520, 54784, 264, 38
54788, 54908, 120, 36
54912, 55164, 252, 33
55164, 55344, 180, 33
55676, 55800, 124, 33
55868, 56056, 188, 33
56056, 56156, 100, 36
56248, 56416, 168, 36
56436, 56564, 128, 33
56636, 56776, 140, 28
56832, 57208, 376, 31
57208, 57352, 144, 33
57592, 58360, 768, 38
58364, 59848, 1484, 33
5256, 5316, 60, 48
5316, 5368, 52, 49
5368, 5960, 592, 50
6004, 6128, 124, 45
8320, 8372, 52, 48
8380, 8420, 40, 49
8436, 8988, 552, 50
9072, 9204, 132, 45
11408, 11448, 40, 48
11456, 11492, 36, 49
11512, 12100, 588, 50
12148, 12240, 92, 45
14480, 14520, 40, 48
14532, 14584, 52, 49
14596, 15124, 528, 50
15240, 15364, 124, 45
17544, 17588, 44, 48
17604, 17656, 52, 49
17656, 18240, 584, 50
18292, 18408, 116, 45
20632, 20680, 48, 48
20688, 20744, 56, 49
20744, 21284, 540, 50
21364, 21536, 172, 45
23672, 23720, 48, 48
23748, 23812, 64, 49
23804, 24388, 584, 50
24432, 24548, 116, 45
26776, 26804, 28, 48
26828, 26884, 56, 49
26888, 27460, 572, 50
27508, 27600, 92, 45
29184, 29904, 720, 54
29188, 29948, 760, 60
29956, 30532, 576, 64
29960, 30572, 612, 58
30720, 31148, 428, 57
30720, 31168, 448, 63
31488, 31916, 428, 62
31496, 32032, 536, 56
32504, 32556, 52, 57
32640, 32792, 152, 52
33016, 33220, 204, 48
33404, 33592, 188, 47
33792, 34008, 216, 45
34168, 34364, 196, 57
34556, 34844, 288, 62
34944, 35116, 172, 61
35332, 35836, 504, 60
35336, 35900, 564, 54
36096, 36660, 564, 59
36100, 36688, 588, 63
36860, 37692, 832, 64
36864, 37912, 1048, 58
38644, 39608, 964, 53
38652, 39668, 1016, 60
39796, 40020, 224, 62
39804, 40140, 336, 52
42096, 42160, 64, 48
42176, 42256, 80, 49
42232, 42696, 464, 50
42880, 43044, 164, 45
45200, 45260, 60, 48
45252, 45332, 80, 49
45312, 45716, 404, 50
45952, 46188, 236, 45
48272, 48316, 44, 48
48328, 48372, 44, 49
48384, 48784, 400, 50
49020, 49164, 144, 45
51336, 51384, 48, 48
51388, 51444, 56, 49
51440, 51964, 524, 50
52088, 52296, 208, 45
54424, 54460, 36, 48
54472, 54548, 76, 49
54532, 54960, 428, 50
55168, 55356, 188, 45
55676, 55784, 108, 57
55880, 56060, 180, 57
56056, 56176, 120, 60
56248, 56360, 112, 60
56456, 56548, 92, 57
56644, 56760, 116, 52
56840, 57264, 424, 55
57220, 57380, 160, 57
57600, 58048, 448, 62
57600, 58068, 468, 50
57600, 58072, 472, 57
58364, 59912, 1548, 52
58368, 59916, 1548, 57
58368, 59952, 1584, 45
3328, 3440, 112, 69
3720, 3908, 188, 69
3840, 4032, 192, 72
4104, 4196, 92, 72
4216, 4404, 188, 69
4480, 4664, 184, 64
4600, 5024, 424, 67
4988, 5240, 252, 69
5368, 5872, 504, 62
5376, 5908, 532, 69
5376, 5932, 556, 66
6008, 6120, 112, 60
6008, 6132, 124, 64
6012, 6180, 168, 69
6400, 6648, 248, 69
6780, 6992, 212, 69
6908, 7316, 408, 72
7292, 7480, 188, 74
7676, 8000, 324, 74
7936, 8044, 108, 72
8060, 8252, 192, 69
8440, 8908, 468, 66
8444, 8908, 464, 62
8444, 8948, 504, 69
9076, 9200, 124, 60
9080, 9220, 140, 64
9080, 9260, 180, 69
9464, 9676, 212, 69
9856, 9972, 116, 69
9980, 10384, 404, 76
10368, 10752, 384, 79
10748, 10840, 92, 74
10840, 10940, 100, 75
10936, 11020, 84, 74
11032, 11120, 88, 72
11128, 11296, 168, 69
11512, 11936, 424, 69
11512, 12000, 488, 62
11512, 12024, 512, 66
12152, 12292, 140, 60
12152, 12304, 152, 64
12156, 12328, 172, 69
12560, 12780, 220, 69
12936, 13128, 192, 69
13076, 13296, 220, 72
13312, 13400, 88, 72
13440, 13740, 300, 69
13696, 13808, 112, 64
13816, 14004, 188, 67
14216, 14568, 352, 69
14592, 15020, 428, 62
14596, 15044, 448, 69
14596, 15120, 524, 66
15224, 15344, 120, 60
15228, 15348, 120, 64
15228, 15392, 164, 69
15624, 15856, 232, 69
16016, 16104, 88, 69
16124, 16236, 112, 72
16392, 16576, 184, 72
16504, 16688, 184, 69
16776, 16980, 204, 64
16888, 17300, 412, 67
17272, 17552, 280, 69
17656, 18120, 464, 69
17656, 18120, 464, 62
17660, 18216, 556, 66
18296, 18404, 108, 60
18300, 18416, 116, 64
18300, 18448, 148, 69
18680, 18852, 172, 69
19056, 19140, 84, 69
19196, 19548, 352, 72
19584, 19868, 284, 74
19964, 20300, 336, 72
20240, 20376, 136, 74
20344, 20580, 236, 69
20740, 21176, 436, 69
20740, 21180, 440, 62
20744, 21228, 484, 66
21364, 21536, 172, 60
21368, 21548, 180, 69
21372, 21560, 188, 64
21768, 21964, 196, 69
22144, 22276, 132, 69
22264, 22672, 408, 76
22652, 23044, 392, 79
23036, 23124, 88, 74
23136, 23244, 108, 75
23228, 23308, 80, 74
23320, 23408, 88, 72
23420, 23628, 208, 69
23804, 24220, 416, 69
23808, 24232, 424, 62
23812, 24248, 436, 66
24436, 24564, 128, 60
24436, 24584, 148, 64
24444, 24584, 140, 69
24816, 25024, 208, 69
25208, 25300, 92, 69
25340, 25500, 160, 72
25604, 25692, 88, 72
25720, 25912, 192, 69
25976, 26152, 176, 64
26104, 26332, 228, 67
26496, 26852, 356, 69
26872, 27340, 468, 62
26872, 27444, 572, 69
26872, 27460, 588, 66
27508, 27548, 40, 69
27516, 27628, 112, 60
27516, 27636, 120, 64
28412, 28748, 336, 69
28800, 29088, 288, 69
29180, 29928, 748, 69
29184, 29984, 800, 76
29952, 30256, 304, 75
30208, 30288, 80, 69
30336, 30672, 336, 74
30592, 30720, 128, 69
30716, 31132, 416, 72
31112, 31424, 312, 69
31492, 31776, 284, 67
31748, 31824, 76, 64
31872, 31956, 84, 67
32116, 33800, 1684, 60
32120, 33840, 1720, 64
32120, 33928, 1808, 66
32124, 34096, 1972, 69
34556, 34836, 280, 67
34556, 34840, 284, 69
34940, 35128, 188, 67
34944, 35140, 196, 69
35332, 35860, 528, 76
35332, 35884, 552, 69
36096, 36384, 288, 75
36352, 36436, 84, 69
36476, 36860, 384, 74
36736, 36948, 212, 69
36860, 37560, 700, 72
37496, 37568, 72, 69
37632, 37928, 296, 72
37872, 37976, 104, 69
38012, 38112, 100, 72
38260, 38864, 604, 76
38264, 38876, 612, 72
38268, 39004, 736, 69
39036, 39220, 184, 76
39164, 39380, 216, 79
39420, 39548, 128, 76
39548, 39740, 192, 74
39800, 40088, 288, 68
39808, 40124, 316, 76
40196, 40412, 216, 69
40576, 40696, 120, 69
40696, 40796, 100, 72
40964, 41208, 244, 72
41092, 41276, 184, 69
41344, 41588, 244, 64
41480, 41880, 400, 67
41848, 42088, 240, 69
42232, 42644, 412, 62
42236, 42656, 420, 69
42236, 42664, 428, 66
42872, 43020, 148, 60
42876, 43024, 148, 64
42876, 43032, 156, 69
43264, 43528, 264, 69
43644, 43844, 200, 69
43768, 44184, 416, 72
44156, 44452, 296, 74
44536, 44832, 296, 74
44808, 44920, 112, 72
44928, 45068, 140, 69
45308, 45704, 396, 62
45312, 45720, 408, 66
45312, 45720, 408, 69
45940, 46116, 176, 60
45940, 46144, 204, 64
45944, 46176, 232, 69
46332, 46476, 144, 69
46716, 46884, 168, 69
46840, 47220, 380, 76
47224, 47592, 368, 79
47608, 47708, 100, 74
47712, 47820, 108, 75
47808, 47896, 88, 74
47904, 47992, 88, 72
48012, 48224, 212, 69
48384, 48800, 416, 66
48388, 48800, 412, 62
48388, 48808, 420, 69
49020, 49168, 148, 60
49024, 49180, 156, 69
49024, 49188, 164, 64
49412, 49672, 260, 69
49800, 50012, 212, 69
49916, 50100, 184, 72
50176, 50284, 108, 72
50296, 50472, 176, 69
50564, 50740, 176, 64
50688, 51104, 416, 67
51064, 51260, 196, 69
51456, 51896, 440, 62
51456, 51912, 456, 69
51460, 51916, 456, 66
52096, 52260, 164, 60
52096, 52264, 168, 64
52100, 52404, 304, 69
52488, 52740, 252, 69
52872, 53048, 176, 69
52984, 53188, 204, 72
53252, 53328, 76, 72
53368, 53548, 180, 69
53624, 53812, 188, 64
53752, 54184, 432, 67
54140, 54340, 200, 69
54520, 54920, 400, 62
54524, 54948, 424, 66
54524, 55032, 508, 69
55168, 55368, 200, 60
55172, 55372, 200, 64
55172, 55452, 280, 69
55676, 55800, 124, 69
55864, 56036, 172, 69
56064, 56200, 136, 72
56256, 56392, 136, 72
56456, 56612, 156, 69
56644, 56776, 132, 64
56836, 57160, 324, 67
57216, 57364, 148, 69
57600, 58080, 480, 78
57600, 58100, 500, 74
57600, 58112, 512, 69
58364, 58640, 276, 74
58364, 58936, 572, 73
58368, 59172, 804, 71
58752, 59900, 1148, 73
58944, 59908, 964, 76
59136, 59916, 780, 69
15648, 15732, 84, 57
17664, 18304, 640, 62
18336, 18500, 164, 60
20736, 21120, 384, 62
21120, 21356, 236, 60
21408, 21580, 172, 57
23808, 24084, 276, 62
24096, 24192, 96, 60
24192, 24416, 224, 57
24480, 24608, 128, 57
26880, 27256, 376, 62
27264, 27508, 244, 60
27456, 27552, 96, 57
32532, 32956, 424, 71
32956, 33044, 88, 69
33048, 33176, 128, 64
33224, 33340, 116, 60
33344, 33380, 36, 59
33388, 33432, 44, 60
33432, 33468, 36, 59
33472, 33516, 44, 57
33520, 33604, 84, 52
33604, 33692, 88, 55
33696, 34524, 828, 54
42240, 42860, 620, 62
42912, 43024, 112, 60
45312, 45692, 380, 62
45696, 45944, 248, 60
45984, 46172, 188, 57
48384, 48752, 368, 62
48768, 48992, 224, 57
49056, 49220, 164, 57
51456, 51836, 380, 62
51840, 52076, 236, 60
52128, 52244, 116, 57
54528, 54896, 368, 62
54912, 55136, 224, 57
55200, 55364, 164, 57
55680, 55836, 156, 45
55872, 55964, 92, 45
56064, 56156, 92, 48
56256, 56336, 80, 48
56448, 56644, 196, 45
56640, 56728, 88, 40
56832, 57196, 364, 43
57216, 57368, 152, 45
15616, 15716, 100, 57
17660, 18284, 624, 57
18308, 18468, 160, 57
20732, 21112, 380, 57
21116, 21348, 232, 55
21376, 21536, 160, 52
23800, 24056, 256, 57
24064, 24160, 96, 55
24188, 24360, 172, 52
24444, 24572, 128, 52
26880, 27244, 364, 57
27248, 27496, 248, 55
27500, 27620, 120, 52
42232, 42848, 616, 57
42888, 43064, 176, 57
45324, 45692, 368, 57
45696, 45936, 240, 55
45960, 46136, 176, 52
48380, 48732, 352, 57
48768, 48988, 220, 52
49020, 49176, 156, 52
51452, 51824, 372, 57
51836, 52068, 232, 55
52096, 52212, 116, 52
54524, 54876, 352, 57
54912, 55132, 220, 52
55164, 55320, 156, 52
55640, 55792, 152, 57
55856, 55948, 92, 57
56044, 56132, 88, 60
56236, 56356, 120, 60
56436, 56620, 184, 57
56628, 56704, 76, 52
56820, 57176, 356, 55
57196, 57372, 176, 57
17652, 18296, 644, 60
18308, 18612, 304, 60
20724, 21108, 384, 59
21124, 21368, 244, 60
21380, 21696, 316, 57
23824, 24160, 336, 63
24196, 24320, 124, 57
24452, 24792, 340, 57
26884, 27256, 372, 59
27280, 27504, 224, 60
27516, 27884, 368, 57
27908, 28052, 144, 59
28028, 28124, 96, 57
28168, 28244, 76, 59
28288, 28348, 60, 60
28424, 28532, 108, 62
28540, 28644, 104, 64
28672, 28756, 84, 66
28756, 28764, 8, 67
28792, 28904, 112, 67
28924, 29016, 92, 69
29036, 29592, 556, 71
29556, 29664, 108, 54
29568, 29668, 100, 60
29580, 29672, 92, 64
29960, 30124, 164, 63
29960, 30124, 164, 58
29960, 30124, 164, 52
29964, 30132, 168, 48
30328, 30440, 112, 58
30340, 30440, 100, 52
30340, 30448, 108, 62
30700, 31060, 360, 60
30708, 31064, 356, 51
30708, 31068, 360, 57
31088, 31176, 88, 51
31088, 31184, 96, 57
31092, 31184, 92, 60
31488, 31832, 344, 60
31488, 31832, 344, 56
31488, 31832, 344, 50
31864, 31964, 100, 56
31872, 31968, 96, 60
31872, 31968, 96, 50
32116, 32584, 468, 64
32128, 32584, 456, 57
32136, 32592, 456, 60
32148, 32608, 460, 66
32628, 32684, 56, 57
32632, 32688, 56, 60
32640, 32696, 56, 64
32644, 32720, 76, 66
33016, 33364, 348, 60
33016, 33364, 348, 57
33028, 33376, 348, 64
33032, 33400, 368, 66
33396, 33452, 56, 57
33400, 33456, 56, 60
33408, 33464, 56, 64
33412, 33484, 72, 66
33784, 34132, 348, 60
33784, 34132, 348, 57
33796, 34144, 348, 64
33800, 34168, 368, 66
34164, 34220, 56, 57
34168, 34224, 56, 60
34176, 34232, 56, 64
34180, 34252, 72, 66
34552, 34900, 348, 62
34552, 34900, 348, 57
34564, 34912, 348, 64
34568, 34936, 368, 67
34932, 34988, 56, 57
34936, 34992, 56, 61
34944, 35000, 56, 64
34948, 35020, 72, 67
35192, 35540, 348, 54
35196, 35544, 348, 60
35196, 35544, 348, 57
35200, 35568, 368, 64
35700, 35756, 56, 54
35704, 35760, 56, 57
35712, 35768, 56, 60
35716, 35788, 72, 64
36088, 36436, 348, 56
36088, 36436, 348, 53
36100, 36448, 348, 59
36104, 36472, 368, 63
36468, 36524, 56, 53
36472, 36528, 56, 56
36480, 36536, 56, 59
36484, 36556, 72, 62
36856, 37204, 348, 55
36856, 37204, 348, 52
36868, 37216, 348, 60
36872, 37240, 368, 64
37236, 37292, 56, 52
37240, 37296, 56, 55
37248, 37304, 56, 60
37252, 37324, 72, 64
37624, 37972, 348, 55
37624, 37972, 348, 52
37636, 37984, 348, 60
37640, 38008, 368, 64
38004, 38060, 56, 52
38008, 38064, 56, 55
38016, 38072, 56, 60
38020, 38092, 72, 64
38256, 38704, 448, 53
38260, 38724, 464, 60
38268, 38728, 460, 64
38272, 38728, 456, 57
38772, 38828, 56, 53
38776, 38832, 56, 57
38784, 38840, 56, 60
38788, 38860, 72, 64
39160, 39508, 348, 57
39160, 39508, 348, 53
39172, 39520, 348, 60
39176, 39544, 368, 64
39540, 39596, 56, 53
39544, 39600, 56, 57
39552, 39608, 56, 60
39556, 39628, 72, 64
39792, 40052, 260, 67
39792, 40092, 300, 56
39808, 40100, 292, 62
39816, 40108, 292, 59
40216, 40552, 336, 54
40572, 40688, 116, 57
40712, 40952, 240, 60
40964, 41080, 116, 60
41100, 41332, 232, 57
41352, 41472, 120, 52
41480, 41800, 320, 55
41840, 42256, 416, 57
43252, 43632, 380, 54
43644, 43772, 128, 57
43792, 44152, 360, 60
44172, 44360, 188, 62
44544, 44776, 232, 60
44804, 44932, 128, 60
44936, 45388, 452, 57
46344, 46688, 344, 54
46712, 46808, 96, 57
46848, 47196, 348, 62
47216, 47352, 136, 67
47596, 47960, 364, 62
47964, 48844, 880, 57
49412, 49744, 332, 54
49776, 49904, 128, 57
49916, 50160, 244, 60
50180, 50316, 136, 60
50316, 50564, 248, 57
50576, 50712, 136, 52
50712, 51092, 380, 55
51104, 51840, 736, 57
52464, 52844, 380, 54
52860, 52976, 116, 57
52988, 53184, 196, 60
53244, 53352, 108, 60
53368, 53584, 216, 57
53628, 53716, 88, 52
53752, 54136, 384, 55
54140, 54572, 432, 57
5372, 5992, 620, 62
8444, 9076, 632, 62
11516, 12124, 608, 62
14588, 14952, 364, 62
15616, 15740, 124, 69
15616, 15740, 124, 57
34044, 34160, 116, 64
34168, 34264, 96, 69
34424, 34532, 108, 71
34568, 34768, 200, 74
34792, 34896, 104, 72
34936, 35020, 84, 71
35184, 35304, 120, 76
35580, 35648, 68, 72
35584, 35652, 68, 66
35584, 35668, 84, 76
36096, 36464, 368, 75
36096, 36464, 368, 71
36096, 36848, 752, 74
36480, 36848, 368, 65
36864, 37088, 224, 72
37120, 37172, 52, 69
37120, 37176, 56, 64
37120, 37204, 84, 74
37600, 38192, 592, 72
37600, 38192, 592, 64
37604, 38196, 592, 69
38256, 38592, 336, 76
38256, 38592, 336, 69
38260, 38596, 336, 72
38656, 38740, 84, 76
38660, 38740, 80, 72
38664, 38748, 84, 79
39164, 39372, 208, 69
39168, 39384, 216, 72
39168, 39400, 232, 79
39424, 39548, 124, 76
39524, 39732, 208, 74
39800, 40124, 324, 76
39800, 40124, 324, 74
39800, 40136, 336, 79
42232, 42868, 636, 86
42872, 42972, 100, 81
42872, 42980, 108, 84
45264, 45684, 420, 86
45688, 45860, 172, 79
45692, 45868, 176, 84
45948, 46080, 132, 76
45952, 46084, 132, 81
48384, 48664, 280, 86
48668, 48776, 108, 84
48776, 49024, 248, 81
48776, 49024, 248, 76
49028, 49160, 132, 81
49028, 49160, 132, 76
5372, 5992, 620, 62
6012, 6124, 112, 60
8444, 9076, 632, 62
9084, 9272, 188, 60
11516, 12124, 608, 62
12152, 12316, 164, 60
14588, 14968, 380, 62
14968, 15204, 236, 60
15228, 15344, 116, 57
15616, 15740, 124, 69
17656, 18300, 644, 62
18300, 18468, 168, 60
20728, 21116, 388, 62
21116, 21356, 240, 60
21372, 21544, 172, 57
23788, 24064, 276, 62
24068, 24164, 96, 60
24184, 24408, 224, 57
24444, 24576, 132, 57
26856, 27232, 376, 62
27236, 27480, 244, 60
27480, 27580, 100, 57
28416, 28520, 104, 57
28800, 28912, 112, 57
29172, 29896, 724, 54
29184, 29908, 724, 60
29196, 29924, 728, 64
29940, 30308, 368, 52
29948, 30312, 364, 58
29952, 30320, 368, 63
30328, 30680, 352, 62
30340, 30696, 356, 58
30340, 30696, 356, 52
30700, 31468, 768, 60
30708, 31484, 776, 57
30708, 31484, 776, 51
31488, 32112, 624, 60
31488, 32128, 640, 56
31488, 32128, 640, 50
32128, 33736, 1608, 64
32136, 33744, 1608, 60
32148, 33760, 1612, 66
42236, 42856, 620, 62
42876, 42988, 112, 60
45308, 45692, 384, 62
45696, 45944, 248, 60
45948, 46136, 188, 57
48380, 48748, 368, 62
48768, 48992, 224, 57
49016, 49180, 164, 57
51452, 51832, 380, 62
51832, 52068, 236, 60
52092, 52208, 116, 57
54524, 54892, 368, 62
54912, 55136, 224, 57
55160, 55324, 164, 57
5368, 5888, 520, 57
6012, 6120, 108, 57
8460, 9016, 556, 57
9096, 9272, 176, 57
11516, 12116, 600, 57
12156, 12312, 156, 57
14588, 14960, 372, 57
14972, 15204, 232, 55
15232, 15348, 116, 52
17660, 18284, 624, 57
18308, 18468, 160, 57
20732, 21112, 380, 57
21116, 21348, 232, 55
21376, 21536, 160, 52
23800, 24056, 256, 57
24064, 24160, 96, 55
24188, 24360, 172, 52
24444, 24572, 128, 52
26880, 27244, 364, 57
27248, 27496, 248, 55
27500, 27620, 120, 52
42232, 42752, 520, 57
42876, 42984, 108, 57
45324, 45692, 368, 57
45696, 45936, 240, 55
45960, 46136, 176, 52
48380, 48732, 352, 57
48768, 48988, 220, 52
49020, 49176, 156, 52
51452, 51824, 372, 57
51836, 52068, 232, 55
52096, 52212, 116, 52
54524, 54876, 352, 57
54912, 55132, 220, 52
55164, 55320, 156, 52
3312, 3340, 28, 67
3320, 3368, 48, 69
3328, 3376, 48, 72
3696, 3724, 28, 67
3704, 3752, 48, 69
3712, 3760, 48, 72
4216, 4244, 28, 67
4224, 4272, 48, 69
4228, 4276, 48, 72
4980, 5012, 32, 69
4988, 5020, 32, 67
4992, 5036, 44, 72
5740, 5784, 44, 74
5748, 5784, 36, 69
5752, 5796, 44, 66
6524, 6556, 32, 69
6528, 6572, 44, 67
6532, 6580, 48, 72
6788, 6816, 28, 69
6796, 6832, 36, 67
6804, 6832, 28, 72
7288, 7332, 44, 67
7296, 7340, 44, 72
7300, 7352, 52, 69
8056, 8084, 28, 69
8060, 8100, 40, 67
8068, 8112, 44, 72
8824, 8872, 48, 69
8832, 8880, 48, 74
8836, 8888, 52, 66
9592, 9628, 36, 69
9600, 9640, 40, 67
9604, 9652, 48, 72
9860, 9888, 28, 69
9868, 9904, 36, 67
9876, 9904, 28, 72
10360, 10392, 32, 69
10364, 10392, 28, 67
10368, 10412, 44, 72
11124, 11164, 40, 69
11132, 11172, 40, 72
11136, 11176, 40, 67
11900, 11944, 44, 69
11908, 11948, 40, 74
11908, 11960, 52, 66
12664, 12688, 24, 69
12668, 12712, 44, 67
12676, 12720, 44, 72
12932, 12960, 28, 72
12940, 12964, 24, 69
12944, 12984, 40, 67
13432, 13460, 28, 69
13440, 13468, 28, 67
13444, 13488, 44, 72
14200, 14236, 36, 69
14208, 14240, 32, 67
14212, 14256, 44, 72
14968, 15004, 36, 74
14976, 15016, 40, 69
14984, 15028, 44, 66
15616, 15660, 44, 72
15628, 15676, 48, 67
15636, 15676, 40, 69
16000, 16044, 44, 72
16012, 16060, 48, 67
16020, 16060, 40, 69
16500, 16524, 24, 69
16500, 16540, 40, 72
16500, 16540, 40, 67
17276, 17300, 24, 69
17280, 17316, 36, 67
17284, 17328, 44, 72
17536, 17568, 32, 69
17548, 17572, 24, 72
17552, 17580, 28, 67
18040, 18084, 44, 69
18044, 18088, 44, 74
18048, 18092, 44, 66
18808, 18836, 28, 69
18816, 18848, 32, 67
18820, 18860, 40, 72
19080, 19108, 28, 69
19084, 19124, 40, 67
19092, 19124, 32, 72
19576, 19600, 24, 69
19580, 19616, 36, 67
19584, 19624, 40, 72
20344, 20392, 48, 69
20348, 20400, 52, 67
20352, 20408, 56, 72
21120, 21160, 40, 74
21128, 21164, 36, 69
21132, 21180, 48, 66
21880, 21924, 44, 67
21884, 21932, 48, 72
21892, 21932, 40, 69
22152, 22180, 28, 72
22160, 22196, 36, 69
22164, 22208, 44, 67
22644, 22688, 44, 69
22648, 22688, 40, 67
22652, 22700, 48, 72
23412, 23452, 40, 69
23416, 23464, 48, 67
23424, 23468, 44, 72
24172, 24212, 40, 74
24180, 24220, 40, 69
24180, 24232, 52, 66
24948, 24980, 32, 69
24956, 24992, 36, 67
24960, 25000, 40, 72
25220, 25248, 28, 69
25232, 25264, 32, 72
25240, 25276, 36, 67
25716, 25748, 32, 69
25724, 25760, 36, 67
25728, 25768, 40, 72
26488, 26532, 44, 69
26496, 26536, 40, 67
26500, 26544, 44, 72
27256, 27296, 40, 69
27264, 27308, 44, 74
27268, 27320, 52, 66
28020, 28052, 32, 69
28028, 28064, 36, 67
28032, 28072, 40, 72
28292, 28320, 28, 69
28300, 28336, 36, 72
28312, 28348, 36, 67
28792, 28820, 28, 69
28796, 28832, 36, 67
28800, 28840, 40, 72
29560, 29612, 52, 72
29564, 29616, 52, 76
29568, 29620, 52, 66
30328, 30376, 48, 70
30336, 30392, 56, 74
30340, 30392, 52, 64
31096, 31140, 44, 69
31096, 31148, 52, 63
31104, 31160, 56, 72
31864, 31896, 32, 68
31868, 31896, 28, 62
31876, 31908, 32, 72
32128, 32556, 428, 69
32140, 32556, 416, 72
32148, 32572, 424, 66
32632, 32660, 28, 69
32636, 32664, 28, 66
32640, 32684, 44, 72
33404, 33428, 24, 69
33404, 33448, 44, 66
33408, 33456, 48, 72
34164, 34200, 36, 69
34168, 34212, 44, 66
34176, 34220, 44, 72
34936, 34964, 28, 67
34940, 34968, 28, 64
34944, 34984, 40, 73
35204, 35248, 44, 72
35212, 35248, 36, 76
35220, 35264, 44, 66
35704, 35736, 32, 72
35708, 35736, 28, 66
35712, 35756, 44, 76
36472, 36516, 44, 71
36476, 36520, 44, 68
36480, 36528, 48, 74
37240, 37288, 48, 67
37244, 37292, 48, 64
37248, 37300, 52, 72
38008, 38044, 36, 67
38012, 38052, 40, 64
38020, 38064, 44, 72
38276, 38700, 424, 76
38284, 38704, 420, 72
38288, 38724, 436, 65
38776, 38816, 40, 65
38780, 38828, 48, 72
38788, 38832, 44, 76
39544, 39588, 44, 72
39548, 39588, 40, 65
39552, 39596, 44, 76
39800, 40120, 320, 71
39808, 40120, 312, 74
39812, 40128, 316, 68
40196, 40224, 28, 69
40204, 40240, 36, 67
40212, 40240, 28, 72
40580, 40608, 28, 69
40588, 40624, 36, 67
40596, 40624, 28, 72
41080, 41108, 28, 67
41088, 41136, 48, 69
41092, 41140, 48, 72
41348, 41376, 28, 69
41356, 41392, 36, 67
41364, 41392, 28, 72
41844, 41876, 32, 69
41852, 41884, 32, 67
41856, 41900, 44, 72
42604, 42648, 44, 74
42612, 42648, 36, 69
42616, 42660, 44, 66
43388, 43420, 32, 69
43392, 43436, 44, 67
43396, 43444, 48, 72
43652, 43680, 28, 69
43660, 43696, 36, 67
43668, 43696, 28, 72
44152, 44196, 44, 67
44160, 44204, 44, 72
44164, 44216, 52, 69
44920, 44948, 28, 69
44924, 44964, 40, 67
44932, 44976, 44, 72
45688, 45736, 48, 69
45696, 45744, 48, 74
45700, 45752, 52, 66
46456, 46492, 36, 69
46464, 46504, 40, 67
46468, 46516, 48, 72
46724, 46752, 28, 69
46732, 46768, 36, 67
46740, 46768, 28, 72
47224, 47256, 32, 69
47228, 47256, 28, 67
47232, 47276, 44, 72
47988, 48028, 40, 69
47996, 48036, 40, 72
48000, 48040, 40, 67
48764, 48808, 44, 69
48772, 48812, 40, 74
48772, 48824, 52, 66
49528, 49552, 24, 69
49532, 49576, 44, 67
49540, 49584, 44, 72
49796, 49824, 28, 72
49804, 49828, 24, 69
49808, 49848, 40, 67
50296, 50324, 28, 69
50304, 50332, 28, 67
50308, 50352, 44, 72
51064, 51100, 36, 69
51072, 51104, 32, 67
51076, 51120, 44, 72
51832, 51868, 36, 74
51840, 51880, 40, 69
51848, 51892, 44, 66
52600, 52636, 36, 69
52608, 52644, 36, 67
52612, 52660, 48, 72
52864, 52908, 44, 72
52876, 52924, 48, 67
52884, 52924, 40, 69
53360, 53388, 28, 69
53364, 53404, 40, 67
53372, 53412, 40, 72
54140, 54164, 24, 69
54144, 54180, 36, 67
54148, 54192, 44, 72
54400, 54432, 32, 69
54412, 54436, 24, 72
54416, 54444, 28, 67
54904, 55124, 220, 69
54912, 55140, 228, 67
54916, 55148, 232, 74
55176, 55204, 28, 69
55180, 55220, 40, 67
55188, 55220, 32, 72
55660, 55760, 100, 57
55660, 55760, 100, 45
55860, 55952, 92, 57
55860, 55952, 92, 45
56052, 56156, 104, 60
56052, 56156, 104, 48
56240, 56352, 112, 60
56240, 56352, 112, 48
56440, 56632, 192, 57
56440, 56632, 192, 45
56640, 56852, 212, 52
56640, 56852, 212, 40
56840, 57244, 404, 55
56840, 57244, 404, 43
57184, 57336, 152, 57
57184, 57336, 152, 45
57584, 58336, 752, 26
57584, 58340, 756, 62
57584, 58340, 756, 57
57584, 58340, 756, 50
57584, 58340, 756, 45
58352, 58812, 460, 62
58360, 58812, 452, 50
58360, 58964, 604, 61
58364, 58964, 600, 49
58364, 59176, 812, 59
58748, 59176, 428, 47
58748, 59872, 1124, 61
58944, 59872, 928, 49
58944, 59880, 936, 33
59140, 59884, 744, 64
59140, 59884, 744, 52
